 ### omegam = 0.25; h = 0.70; omega_radiaton = 0.00008517
  0.0000000E+00   1.000000     -0.6248296    
  3.9795857E-02   1.015414     -0.5909328    
  8.1175424E-02   1.032467     -0.5551839    
  0.1242017       1.051309     -0.5176915    
  0.1689403       1.072096     -0.4785996    
  0.2154593       1.094994     -0.4380879    
  0.2638295       1.120178     -0.3963690    
  0.3141247       1.147831     -0.3536855    
  0.3664214       1.178145     -0.3103047    
  0.4207993       1.211319     -0.2665125    
  0.4773413       1.247561     -0.2226055    
  0.5361333       1.287088     -0.1788837    
  0.5972651       1.330123     -0.1356420    
  0.6608296       1.376899     -9.3162365E-02
  0.7269237       1.427658     -5.1706746E-02
  0.7956482       1.482650     -1.1510991E-02
  0.8671075       1.542134      2.7219800E-02
  0.9414107       1.606380      6.4314425E-02
   1.018671       1.675669      9.9637218E-02
   1.099005       1.750294      0.1330882    
   1.182537       1.830563      0.1646017    
   1.269393       1.916794      0.1941448    
   1.359706       2.009326      0.2217133    
   1.453612       2.108511      0.2473291    
   1.551256       2.214722      0.2710358    
   1.652785       2.328352      0.2928949    
   1.758355       2.449816      0.3129820    
   1.868126       2.579551      0.3313832    
   1.982266       2.718023      0.3481922    
   2.100947       2.865723      0.3635066    
   2.224352       3.023173      0.3774265    
   2.352668       3.190924      0.3900518    
   2.486090       3.369563      0.4014808    
   2.624822       3.559714      0.4118088    
   2.769075       3.762035      0.4211273    
   2.919069       3.977229      0.4295233    
   3.075032       4.206040      0.4370786    
   3.237201       4.449260      0.4438700    
   3.405824       4.707726      0.4499688    
   3.581157       4.982331      0.4554411    
   3.763469       5.274021      0.4603475    
   3.953035       5.583800      0.4647440    
   4.150145       5.912736      0.4686814    
   4.355100       6.261959      0.4722063    
   4.568211       6.632672      0.4753609    
   4.789802       7.026150      0.4781834    
   5.020212       7.443747      0.4807085    
   5.259792       7.886899      0.4829674    
   5.508905       8.357130      0.4849884    
   5.767933       8.856058      0.4867969    
   6.037269       9.385401      0.4884155    
   6.317323       9.946977      0.4898650    
   6.608522       10.54272      0.4911636    
   6.911310       11.17468      0.4923279    
   7.226147       11.84503      0.4933726    
   7.553514       12.55608      0.4943109    
   7.893908       13.31028      0.4951547    
   8.247849       14.11021      0.4959147    
   8.615874       14.95865      0.4966001    
   8.998547       15.85851      0.4972196    
   9.396447       16.81288      0.4977807    
   9.810183       17.82506      0.4982901    
   10.24038       18.89853      0.4987539    
   10.68770       20.03700      0.4991776    
   11.15283       21.24439      0.4995659    
   11.63646       22.52486      0.4999231    
   12.13934       23.88283      0.5002533    
   12.66223       25.32298      0.5005597    
   13.20593       26.85028      0.5008455    
   13.77127       28.47001      0.5011135    
   14.35910       30.18775      0.5013663    
   14.97033       32.00944      0.5016060    
   15.60588       33.94137      0.5018346    
   16.26673       35.99022      0.5020540    
   16.95387       38.16306      0.5022659    
   17.66836       40.46742      0.5024717    
   18.41129       42.91126      0.5026727    
   19.18377       45.50303      0.5028703    
   19.98701       48.25172      0.5030655    
   20.82220       51.16683      0.5032592    
   21.69063       54.25846      0.5034526    
   22.59363       57.53734      0.5036464    
   23.53255       61.01482      0.5038415    
   24.50885       64.70297      0.5040385    
   25.52400       68.61459      0.5042382    
   26.57954       72.76326      0.5044413    
   27.67709       77.16339      0.5046483    
   28.81832       81.83028      0.5048599    
   30.00497       86.78014      0.5050766    
   31.23884       92.03020      0.5052989    
   32.52181       97.59874      0.5055274    
   33.85584       103.5052      0.5057626    
   35.24295       109.7700      0.5060049    
   36.68528       116.4152      0.5062549    
   38.18499       123.4639      0.5065131    
   39.74439       130.9408      0.5067798    
   41.36585       138.8719      0.5070557    
   43.05184       147.2849      0.5073411    
   44.80492       156.2095      0.5076366    
   46.62776       165.6767      0.5079426    
   48.52315       175.7199      0.5082597    
   50.49397       186.3742      0.5085881    
   52.54321       197.6771      0.5089287    
   54.67401       209.6683      0.5092818    
   56.88961       222.3900      0.5096478    
   59.19337       235.8871      0.5100275    
   61.58882       250.2070      0.5104213    
   64.07960       265.4005      0.5108297    
   66.66949       281.5211      0.5112534    
   69.36246       298.6259      0.5116929    
   72.16260       316.7755      0.5121488    
   75.07417       336.0343      0.5126218    
   78.10160       356.4707      0.5131124    
   81.24951       378.1573      0.5136213    
   84.52271       401.1713      0.5141492    
   87.92616       425.5949      0.5146968    
   91.46505       451.5152      0.5152647    
   95.14478       479.0250      0.5158538    
   98.97094       508.2228      0.5164647    
   102.9494       539.2134      0.5170981    
   107.0861       572.1081      0.5177550    
   111.3875       607.0254      0.5184360    
   115.8601       644.0912      0.5191420    
   120.5106       683.4395      0.5198740    
   125.3462       725.2128      0.5206326    
   130.3743       769.5624      0.5214188    
   135.6024       816.6498      0.5222336    
   141.0386       866.6464      0.5230778    
   146.6912       919.7346      0.5239524    
   152.5687       976.1088      0.5248585    
   158.6801       1035.976      0.5257968    
   165.0347       1099.555      0.5267686    
   171.6422       1167.082      0.5277749    
   178.5126       1238.805      0.5288166    
   185.6565       1314.990      0.5298949    
   193.0846       1395.921      0.5310110    
   200.8084       1481.898      0.5321658    
   208.8395       1573.242      0.5333605    
   217.1903       1670.296      0.5345963    
   225.8734       1773.425      0.5358744    
   234.9020       1883.016      0.5371959    
   244.2899       1999.484      0.5385620    
   254.0514       2123.272      0.5399740    
   264.2014       2254.849      0.5414330    
   274.7553       2394.719      0.5429403    
   285.7292       2543.417      0.5444971    
   297.1399       2701.515      0.5461046    
   309.0046       2869.623      0.5477642    
   321.3415       3048.393      0.5494769    
   334.1694       3238.519      0.5512441    
   347.5077       3440.745      0.5530670    
   361.3769       3655.862      0.5549468    
   375.7980       3884.718      0.5568846    
   390.7930       4128.217      0.5588818    
   406.3847       4387.327      0.5609395    
   422.5970       4663.079      0.5630588    
   439.4543       4956.579      0.5652409    
   456.9826       5269.007      0.5674868    
   475.2084       5601.627      0.5697975    
   494.1595       5955.789      0.5721743    
   513.8649       6332.938      0.5746179    
   534.3543       6734.622      0.5771292    
   555.6592       7162.494      0.5797094    
   577.8120       7618.328      0.5823590    
   600.8463       8104.021      0.5850788    
   624.7972       8621.605      0.5878696    
   649.7014       9173.259      0.5907319    
   675.5966       9761.313      0.5936663    
   702.5223       10388.27      0.5966731    
   730.5196       11056.81      0.5997527    
   759.6310       11769.80      0.6029055    
   789.9011       12530.33      0.6061314    
   821.3756       13341.70      0.6094306    
   854.1028       14207.46      0.6128030    
   888.1323       15131.41      0.6162484    
   923.5161       16117.64      0.6197665    
   960.3080       17170.53      0.6233568    
   998.5641       18294.79      0.6270188    
   1038.343       19495.48      0.6307517    
   1079.704       20778.02      0.6345549    
   1122.712       22148.25      0.6384271    
   1167.431       23612.44      0.6423674    
   1213.929       25177.33      0.6463744    
   1262.279       26850.17      0.6504468    
   1312.552       28638.74      0.6545829    
   1364.826       30551.42      0.6587811    
   1419.180       32597.22      0.6630395    
   1475.697       34785.83      0.6673561    
   1534.464       37127.68      0.6717287    
   1595.569       39634.00      0.6761551    
   1659.106       42316.86      0.6806328    
   1725.171       45189.25      0.6851591    
   1793.865       48265.20      0.6897317    
   1865.294       51559.75      0.6943473    
   1939.564       55089.16      0.6990033    
   2016.791       58870.91      0.7036964    
   2097.091       62923.83      0.7084236    
   2180.586       67268.22      0.7131816    
   2267.404       71925.95      0.7179670    
   2357.677       76920.59      0.7227764    
   2451.542       82277.52      0.7276062    
   2549.144       88024.16      0.7324530    
   2650.629       94190.01      0.7373130    
   2756.153       100806.9      0.7421827    
   2865.876       107909.1      0.7470584    
   2979.966       115533.7      0.7519363    
   3098.596       123720.6      0.7568126    
   3221.947       132512.8      0.7616839    
   3350.207       141956.8      0.7665462    
   3483.571       152102.7      0.7713960    
   3622.242       163004.6      0.7762297    
   3766.432       174720.7      0.7810435    
   3916.360       187314.0      0.7858341    
   4072.255       200852.4      0.7905980    
   4234.354       215409.3      0.7953319    
   4402.903       231063.7      0.8000323    
   4578.161       247901.1      0.8046962    
   4760.392       266013.6      0.8093204    
   4949.876       285500.7      0.8139020    
   5146.900       306469.9      0.8184382    
   5351.765       329037.2      0.8229261    
   5564.783       353327.8      0.8273633    
   5786.278       379476.9      0.8317472    
   6016.588       407630.5      0.8360755    
   6256.063       437946.4      0.8403460    
   6505.068       470594.7      0.8445567    
   6763.983       505759.4      0.8487058    
   7033.201       543639.1      0.8527915    
   7313.133       584448.4      0.8568121    
   7604.205       628418.8      0.8607662    
   7906.861       675800.6      0.8646526    
   8221.562       726864.2      0.8684700    
   8548.785       781901.7      0.8722175    
   8889.031       841228.4      0.8758942    
   9242.817       905185.1      0.8794994    
   9610.683       974139.9      0.8830324    
   9993.188       1048491.      0.8864928    
   10390.92       1128667.      0.8898802    
   10804.47       1215133.      0.8931946    
   11234.48       1308391.      0.8964356    
   11681.61       1408982.      0.8996034    
   12146.53       1517492.      0.9026981    
   12629.95       1634553.      0.9057199    
   13132.61       1760850.      0.9086692    
   13655.27       1897122.      0.9115463    
   14198.74       2044166.      0.9143518    
   14763.83       2202845.      0.9170862    
   15351.41       2374092.      0.9197502    
   15962.37       2558914.      0.9223446    
   16597.64       2758400.      0.9248701    
   17258.20       2973727.      0.9273276    
   17945.04       3206166.      0.9297180    
   18659.22       3457091.      0.9320422    
   19401.82       3727987.      0.9343014    
   20173.97       4020461.      0.9364966    
   20976.86       4336246.      0.9386287    
   21811.69       4677218.      0.9406989    
   22679.74       5045402.      0.9427085    
   23582.34       5442990.      0.9446585    
   24520.86       5872350.      0.9465501    
   25496.73       6336039.      0.9483846    
   26511.43       6836824.      0.9501632    
   27566.52       7377693.      0.9518871    
   28663.59       7961879.      0.9535574    
   29804.32       8592873.      0.9551756    
   30990.45       9274451.      0.9567427    
   32223.78      1.0010694E+07  0.9582601    
   33506.20      1.0806012E+07  0.9597289    
   34839.64      1.1665174E+07  0.9611505    
   36226.16      1.2593333E+07  0.9625259    
   37667.85      1.3596060E+07  0.9638565    
   39166.91      1.4679378E+07  0.9651433    
   40725.63      1.5849795E+07  0.9663877    
   42346.38      1.7114350E+07  0.9675907    
   44031.63      1.8480648E+07  0.9687536    
   45783.95      1.9956914E+07  0.9698775    
   47606.00      2.1552036E+07  0.9709634    
   49500.56      2.3275622E+07  0.9720125    
   51470.52      2.5138060E+07  0.9730259    
   53518.88      2.7150580E+07  0.9740046    
   55648.74      2.9325318E+07  0.9749497    
   57863.37      3.1675402E+07  0.9758621    
   60166.13      3.4215012E+07  0.9767430    
   62560.54      3.6959488E+07  0.9775932    
   65050.23      3.9925408E+07  0.9784137    
   67639.00      4.3130692E+07  0.9792055    
   70330.79      4.6594720E+07  0.9799695    
   73129.70      5.0338428E+07  0.9807066    
   76040.00      5.4384472E+07  0.9814175    
   79066.12      5.8757320E+07  0.9821033    
   82212.66      6.3483440E+07  0.9827646    
   85484.42      6.8591448E+07  0.9834024    
   88886.39      7.4112264E+07  0.9840173    
   92423.74      8.0079328E+07  0.9846101    
   96101.86      8.6528792E+07  0.9851817    
   99926.36      9.3499728E+07  0.9857327    
   103903.1      1.0103439E+08  0.9862638    
   108038.0      1.0917846E+08  0.9867755    
   112337.5      1.1798130E+08  0.9872688    
   116808.1      1.2749632E+08  0.9877441    
   121456.6      1.3778122E+08  0.9882021    
   126290.1      1.4889838E+08  0.9886434    
   131316.0      1.6091528E+08  0.9890685    
   136541.9      1.7390485E+08  0.9894781    
   141975.7      1.8794592E+08  0.9898726    
   147625.8      2.0312373E+08  0.9902527    
   153500.8      2.1953045E+08  0.9906188    
   159609.5      2.3726568E+08  0.9909713    
   165961.3      2.5643717E+08  0.9913109    
   172565.9      2.7716134E+08  0.9916379    
   179433.4      2.9956413E+08  0.9919528    
   186574.1      3.2378160E+08  0.9922560    
   193999.0      3.4996093E+08  0.9925479    
   201719.4      3.7826122E+08  0.9928291    
   209747.1      4.0885450E+08  0.9930997    
   218094.2      4.4192666E+08  0.9933603    
   226773.5      4.7767882E+08  0.9936112    
   235798.1      5.1632829E+08  0.9938527    
   245182.0      5.5811014E+08  0.9940852    
   254939.2      6.0327834E+08  0.9943090    
   265084.8      6.5210765E+08  0.9945244    
   275634.1      7.0489498E+08  0.9947318    
   286603.2      7.6196141E+08  0.9949313    
   298008.9      8.2365414E+08  0.9951234    
   309868.5      8.9034842E+08  0.9953083    
   322200.0      9.6244992E+08  0.9954863    
   335022.2      1.0403974E+09  0.9956576    
   348354.8      1.1246652E+09  0.9958224    
   362217.9      1.2157659E+09  0.9959810    
   376632.7      1.3142541E+09  0.9961336    
   391621.2      1.4207288E+09  0.9962804    
   407206.1      1.5358385E+09  0.9964218    
   423411.3      1.6602834E+09  0.9965578    
   440261.3      1.7948211E+09  0.9966887    
   457782.0      1.9402705E+09  0.9968146    
   475999.8      2.0975171E+09  0.9969358    
   494942.7      2.2675180E+09  0.9970524    
   514639.4      2.4513080E+09  0.9971645    
   535119.9      2.6500063E+09  0.9972724    
   556415.6      2.8648228E+09  0.9973763    
   578558.6      3.0970647E+09  0.9974762    
   601582.9      3.3481469E+09  0.9975723    
   625523.4      3.6195978E+09  0.9976648    
   650416.8      3.9130703E+09  0.9977538    
   676300.7      4.2303519E+09  0.9978394    
   703214.7      4.5733745E+09  0.9979217    
   731199.8      4.9442263E+09  0.9980010    
   760298.5      5.3451674E+09  0.9980772    
   790555.2      5.7786378E+09  0.9981505    
   822016.1      6.2472791E+09  0.9982210    
   854729.0      6.7539451E+09  0.9982889    
   888743.8      7.3017211E+09  0.9983541    
   924112.1      7.8939438E+09  0.9984170    
   960887.9      8.5342213E+09  0.9984773    
   999127.4      9.2264520E+09  0.9985355    
   1038888.      9.9748547E+09  0.9985914    
   1080232.      1.0783986E+10  0.9986451    
   1123221.      1.1658776E+10  0.9986968    
   1167920.      1.2604553E+10  0.9987466    
   1214399.      1.3627080E+10  0.9987944    
   1262727.      1.4732584E+10  0.9988405    
   1312978.      1.5927801E+10  0.9988847    
   1365229.      1.7220012E+10  0.9989274    
   1419560.      1.8617088E+10  0.9989683    
   1476052.      2.0127543E+10  0.9990077    
   1534793.      2.1760580E+10  0.9990456    
   1595872.      2.3526144E+10  0.9990821    
   1659381.      2.5434997E+10  0.9991171    
   1725418.      2.7498762E+10  0.9991509    
   1794082.      2.9730021E+10  0.9991834    
   1865479.      3.2142363E+10  0.9992145    
   1939717.      3.4750489E+10  0.9992446    
   2016910.      3.7570290E+10  0.9992734    
   2097175.      4.0618942E+10  0.9993012    
   2180634.      4.3915026E+10  0.9993279    
   2267414.      4.7478628E+10  0.9993536    
   2357648.      5.1331453E+10  0.9993783    
   2451472.      5.5496987E+10  0.9994020    
   2549031.      6.0000604E+10  0.9994249    
   2650472.      6.4869753E+10  0.9994469    
   2755950.      7.0134096E+10  0.9994680    
   2865625.      7.5825717E+10  0.9994884    
   2979665.      8.1979302E+10  0.9995080    
   3098244.      8.8632336E+10  0.9995268    
   3221541.      9.5825363E+10  0.9995449    
   3349745.      1.0360223E+11  0.9995623    
   3483051.      1.1201031E+11  0.9995790    
   3621662.      1.2110084E+11  0.9995951    
   3765789.      1.3092922E+11  0.9996106    
   3915652.      1.4155534E+11  0.9996255    
   4071478.      1.5304396E+11  0.9996398    
   4233506.      1.6546510E+11  0.9996536    
   4401982.      1.7889442E+11  0.9996668    
   4577164.      1.9341378E+11  0.9996796    
   4759316.      2.0911166E+11  0.9996918    
   4948716.      2.2608373E+11  0.9997036    
   5145655.      2.4443340E+11  0.9997150    
   5350431.      2.6427249E+11  0.9997259    
   5563356.      2.8572192E+11  0.9997364    
   5784754.      3.0891242E+11  0.9997464    
   6014964.      3.3398528E+11  0.9997562    
   6254334.      3.6109330E+11  0.9997655    
   6503231.      3.9040169E+11  0.9997745    
   6762033.      4.2208906E+11  0.9997830    
   7031134.      4.5634853E+11  0.9997914    
   7310944.      4.9338889E+11  0.9997994    
   7601889.      5.3343584E+11  0.9998070    
   7904413.      5.7673345E+11  0.9998144    
   8218976.      6.2354561E+11  0.9998215    
   8546057.      6.7415763E+11  0.9998283    
   8886155.      7.2887783E+11  0.9998349    
   9239787.      7.8803979E+11  0.9998412    
   9607492.      8.5200411E+11  0.9998473    
   9989831.      9.2116052E+11  0.9998531    
  1.0387384E+07  9.9593054E+11  0.9998587    
  1.0800759E+07  1.0767698E+12  0.9998642    
  1.1230585E+07  1.1641710E+12  0.9998693    
  1.1677516E+07  1.2586667E+12  0.9998744    
  1.2142232E+07  1.3608330E+12  0.9998792    
  1.2625443E+07  1.4712924E+12  0.9998838    
  1.3127883E+07  1.5907181E+12  0.9998882    
  1.3650319E+07  1.7198379E+12  0.9998925    
  1.4193545E+07  1.8594389E+12  0.9998966    
  1.4758389E+07  2.0103717E+12  0.9999006    
  1.5345712E+07  2.1735562E+12  0.9999044    
  1.5956408E+07  2.3499870E+12  0.9999080    
  1.6591407E+07  2.5407392E+12  0.9999115    
  1.7251676E+07  2.7469755E+12  0.9999149    
  1.7938222E+07  2.9699528E+12  0.9999182    
  1.8652088E+07  3.2110299E+12  0.9999213    
  1.9394364E+07  3.4716760E+12  0.9999244    
  2.0166180E+07  3.7534800E+12  0.9999272    
  2.0968710E+07  4.0581590E+12  0.9999300    
  2.1803178E+07  4.3875702E+12  0.9999327    
  2.2670854E+07  4.7437206E+12  0.9999353    
  2.3573060E+07  5.1287813E+12  0.9999378    
  2.4511170E+07  5.5450995E+12  0.9999402    
  2.5486614E+07  5.9952113E+12  0.9999424    
  2.6500876E+07  6.4818611E+12  0.9999446    
  2.7555500E+07  7.0080140E+12  0.9999468    
  2.8652094E+07  7.5768770E+12  0.9999488    
  2.9792330E+07  8.1919172E+12  0.9999508    
  3.0977940E+07  8.8568832E+12  0.9999526    
  3.2210734E+07  9.5758267E+12  0.9999545    
  3.3492588E+07  1.0353131E+13  0.9999562    
  3.4825456E+07  1.1193531E+13  0.9999579    
  3.6211364E+07  1.2102151E+13  0.9999595    
  3.7652428E+07  1.3084529E+13  0.9999610    
  3.9150836E+07  1.4146649E+13  0.9999625    
  4.0708876E+07  1.5294988E+13  0.9999639    
  4.2328924E+07  1.6536543E+13  0.9999653    
  4.4013440E+07  1.7878879E+13  0.9999667    
  4.5764992E+07  1.9330180E+13  0.9999679    
  4.7586248E+07  2.0899290E+13  0.9999692    
  4.9479984E+07  2.2595773E+13  0.9999703    
  5.1449080E+07  2.4429967E+13  0.9999714    
  5.3496544E+07  2.6413051E+13  0.9999726    
  5.5625484E+07  2.8557110E+13  0.9999736    
  5.7839148E+07  3.0875215E+13  0.9999746    
  6.0140904E+07  3.3381490E+13  0.9999756    
  6.2534264E+07  3.6091214E+13  0.9999765    
  6.5022868E+07  3.9020898E+13  0.9999774    
  6.7610512E+07  4.2188398E+13  0.9999783    
  7.0301128E+07  4.5613022E+13  0.9999791    
  7.3098824E+07  4.9315641E+13  0.9999799    
  7.6007848E+07  5.3318819E+13  0.9999807    
  7.9032648E+07  5.7646955E+13  0.9999814    
  8.2177824E+07  6.2326426E+13  0.9999821    
  8.5448160E+07  6.7385751E+13  0.9999828    
  8.8848640E+07  7.2855774E+13  0.9999835    
  9.2384448E+07  7.8769818E+13  0.9999841    
  9.6060968E+07  8.5163942E+13  0.9999847    
  9.9883800E+07  9.2077111E+13  0.9999853    
  1.0385876E+08  9.9551453E+13  0.9999859    
  1.0799190E+08  1.0763253E+14  0.9999864    
  1.1228954E+08  1.1636958E+14  0.9999869    
  1.1675819E+08  1.2581587E+14  0.9999874    
  1.2140469E+08  1.3602895E+14  0.9999879    
  1.2623609E+08  1.4707109E+14  0.9999884    
  1.3125977E+08  1.5900959E+14  0.9999888    
  1.3648336E+08  1.7191717E+14  0.9999893    
  1.4191483E+08  1.8587256E+14  0.9999897    
  1.4756245E+08  2.0096076E+14  0.9999900    
  1.5343483E+08  2.1727376E+14  0.9999905    
  1.5954090E+08  2.3491095E+14  0.9999908    
  1.6588997E+08  2.5397985E+14  0.9999912    
  1.7249170E+08  2.7459669E+14  0.9999915    
  1.7935616E+08  2.9688710E+14  0.9999918    
  1.8649379E+08  3.2098693E+14  0.9999921    
  1.9391547E+08  3.4704309E+14  0.9999924    
  2.0163250E+08  3.7521435E+14  0.9999927    
  2.0965664E+08  4.0567241E+14  0.9999930    
  2.1800010E+08  4.3860293E+14  0.9999933    
  2.2667560E+08  4.7420657E+14  0.9999935    
  2.3569635E+08  5.1270038E+14  0.9999938    
  2.4507610E+08  5.5431891E+14  0.9999940    
  2.5482910E+08  5.9931584E+14  0.9999942    
  2.6497024E+08  6.4796541E+14  0.9999945    
  2.7551498E+08  7.0056413E+14  0.9999947    
  2.8647933E+08  7.5743258E+14  0.9999949    
  2.9788000E+08  8.1891732E+14  0.9999951    
  3.0973440E+08  8.8539315E+14  0.9999953    
  3.2206054E+08  9.5726513E+14  0.9999955    
  3.3487722E+08  1.0349714E+15  0.9999956    
  3.4820394E+08  1.1189853E+15  0.9999958    
  3.6206102E+08  1.2098193E+15  0.9999959    
  3.7646954E+08  1.3080267E+15  0.9999961    
  3.9145149E+08  1.4142060E+15  0.9999962    
  4.0702963E+08  1.5290046E+15  0.9999964    
  4.2322771E+08  1.6531220E+15  0.9999965    
  4.4007043E+08  1.7873147E+15  0.9999967    
  4.5758342E+08  1.9324004E+15  0.9999968    
  4.7579334E+08  2.0892636E+15  0.9999969    
  4.9472794E+08  2.2588602E+15  0.9999970    
  5.1441606E+08  2.4422239E+15  0.9999971    
  5.3488768E+08  2.6404721E+15  0.9999973    
  5.5617402E+08  2.8548132E+15  0.9999974    
  5.7830739E+08  3.0865536E+15  0.9999974    
  6.0132166E+08  3.3371056E+15  0.9999976    
  6.2525178E+08  3.6079964E+15  0.9999977    
  6.5013421E+08  3.9008767E+15  0.9999977    
  6.7600685E+08  4.2175315E+15  0.9999979    
  7.0290912E+08  4.5598911E+15  0.9999979    
  7.3088198E+08  4.9300416E+15  0.9999980    
  7.5996806E+08  5.3302396E+15  0.9999981    
  7.9021165E+08  5.7629238E+15  0.9999982    
  8.2165882E+08  6.2307311E+15  0.9999982    
  8.5435744E+08  6.7365129E+15  0.9999983    
  8.8835731E+08  7.2833513E+15  0.9999983    
  9.2371027E+08  7.8745799E+15  0.9999984    
  9.6047008E+08  8.5138020E+15  0.9999985    
  9.9869280E+08  9.2049127E+15  0.9999985    
  1.0384367E+09  9.9521253E+15  0.9999986    
