 ### omegam = 0.30; h = 0.70; omega_radiaton = 0.00008517
   0.00000E+00   0.10000E+01  -0.10997E+01   0.69991E+00   0.30000E+00   0.85175E-04   0.23330E+01  -0.15238E+01
   0.39796E-01   0.99834E+00  -0.98455E+00   0.66152E+00   0.33838E+00   0.99896E-04   0.19549E+01  -0.14962E+01
   0.81175E-01   0.10013E+01  -0.86507E+00   0.62169E+00   0.37819E+00   0.11609E-03   0.16438E+01  -0.14639E+01
   0.12420E+00   0.10089E+01  -0.74343E+00   0.58114E+00   0.41872E+00   0.13365E-03   0.13879E+01  -0.14265E+01
   0.16894E+00   0.10215E+01  -0.62192E+00   0.54064E+00   0.45921E+00   0.15240E-03   0.11773E+01  -0.13835E+01
   0.21546E+00   0.10391E+01  -0.50279E+00   0.50093E+00   0.49890E+00   0.17216E-03   0.10041E+01  -0.13347E+01
   0.26383E+00   0.10619E+01  -0.38817E+00   0.46272E+00   0.53709E+00   0.19272E-03   0.86154E+00  -0.12798E+01
   0.31412E+00   0.10899E+01  -0.27981E+00   0.42660E+00   0.57318E+00   0.21385E-03   0.74427E+00  -0.12188E+01
   0.36642E+00   0.11232E+01  -0.17911E+00   0.39304E+00   0.60673E+00   0.23538E-03   0.64779E+00  -0.11521E+01
   0.42080E+00   0.11618E+01  -0.86961E-01   0.36232E+00   0.63742E+00   0.25713E-03   0.56841E+00  -0.10802E+01
   0.47734E+00   0.12060E+01  -0.38547E-02   0.33462E+00   0.66510E+00   0.27897E-03   0.50311E+00  -0.10041E+01
   0.53613E+00   0.12556E+01   0.70135E-01   0.30996E+00   0.68974E+00   0.30082E-03   0.44938E+00  -0.92490E+00
   0.59727E+00   0.13109E+01   0.13525E+00   0.28825E+00   0.71143E+00   0.32262E-03   0.40517E+00  -0.84397E+00
   0.66083E+00   0.13718E+01   0.19198E+00   0.26934E+00   0.73031E+00   0.34437E-03   0.36880E+00  -0.76284E+00
   0.72692E+00   0.14385E+01   0.24096E+00   0.25301E+00   0.74662E+00   0.36607E-03   0.33888E+00  -0.68303E+00
   0.79565E+00   0.15112E+01   0.28293E+00   0.23902E+00   0.76059E+00   0.38776E-03   0.31426E+00  -0.60597E+00
   0.86711E+00   0.15899E+01   0.31866E+00   0.22711E+00   0.77248E+00   0.40949E-03   0.29401E+00  -0.53290E+00
   0.94141E+00   0.16749E+01   0.34891E+00   0.21703E+00   0.78254E+00   0.43133E-03   0.27734E+00  -0.46478E+00
   0.10187E+01   0.17663E+01   0.37439E+00   0.20854E+00   0.79101E+00   0.45335E-03   0.26363E+00  -0.40228E+00
   0.10990E+01   0.18644E+01   0.39578E+00   0.20141E+00   0.79812E+00   0.47563E-03   0.25235E+00  -0.34576E+00
   0.11825E+01   0.19695E+01   0.41367E+00   0.19544E+00   0.80406E+00   0.49824E-03   0.24307E+00  -0.29533E+00
   0.12694E+01   0.20818E+01   0.42859E+00   0.19047E+00   0.80901E+00   0.52126E-03   0.23544E+00  -0.25086E+00
   0.13597E+01   0.22018E+01   0.44101E+00   0.18633E+00   0.81312E+00   0.54476E-03   0.22915E+00  -0.21205E+00
   0.14536E+01   0.23296E+01   0.45132E+00   0.18289E+00   0.81654E+00   0.56882E-03   0.22399E+00  -0.17848E+00
   0.15513E+01   0.24658E+01   0.45987E+00   0.18004E+00   0.81936E+00   0.59350E-03   0.21973E+00  -0.14969E+00
   0.16528E+01   0.26107E+01   0.46696E+00   0.17768E+00   0.82170E+00   0.61888E-03   0.21624E+00  -0.12514E+00
   0.17584E+01   0.27648E+01   0.47282E+00   0.17573E+00   0.82363E+00   0.64502E-03   0.21336E+00  -0.10435E+00
   0.18681E+01   0.29287E+01   0.47766E+00   0.17411E+00   0.82522E+00   0.67198E-03   0.21099E+00  -0.86815E-01
   0.19823E+01   0.31028E+01   0.48167E+00   0.17278E+00   0.82652E+00   0.69983E-03   0.20904E+00  -0.72092E-01
   0.21009E+01   0.32877E+01   0.48497E+00   0.17168E+00   0.82760E+00   0.72862E-03   0.20744E+00  -0.59771E-01
   0.22244E+01   0.34841E+01   0.48770E+00   0.17077E+00   0.82848E+00   0.75842E-03   0.20612E+00  -0.49490E-01
   0.23527E+01   0.36925E+01   0.48996E+00   0.17001E+00   0.82920E+00   0.78929E-03   0.20504E+00  -0.40933E-01
   0.24861E+01   0.39137E+01   0.49182E+00   0.16939E+00   0.82978E+00   0.82128E-03   0.20414E+00  -0.33824E-01
   0.26248E+01   0.41484E+01   0.49335E+00   0.16888E+00   0.83026E+00   0.85446E-03   0.20341E+00  -0.27928E-01
   0.27691E+01   0.43975E+01   0.49462E+00   0.16846E+00   0.83065E+00   0.88888E-03   0.20280E+00  -0.23046E-01
   0.29191E+01   0.46617E+01   0.49567E+00   0.16811E+00   0.83097E+00   0.92460E-03   0.20231E+00  -0.19007E-01
   0.30750E+01   0.49420E+01   0.49654E+00   0.16782E+00   0.83122E+00   0.96169E-03   0.20190E+00  -0.15670E-01
   0.32372E+01   0.52393E+01   0.49725E+00   0.16758E+00   0.83142E+00   0.10002E-02   0.20156E+00  -0.12914E-01
   0.34058E+01   0.55546E+01   0.49785E+00   0.16738E+00   0.83158E+00   0.10402E-02   0.20128E+00  -0.10639E-01
   0.35812E+01   0.58890E+01   0.49834E+00   0.16722E+00   0.83170E+00   0.10818E-02   0.20106E+00  -0.87630E-02
   0.37635E+01   0.62436E+01   0.49875E+00   0.16708E+00   0.83179E+00   0.11249E-02   0.20087E+00  -0.72164E-02
   0.39530E+01   0.66198E+01   0.49910E+00   0.16697E+00   0.83186E+00   0.11698E-02   0.20072E+00  -0.59417E-02
   0.41501E+01   0.70186E+01   0.49938E+00   0.16687E+00   0.83191E+00   0.12164E-02   0.20059E+00  -0.48916E-02
   0.43551E+01   0.74416E+01   0.49963E+00   0.16679E+00   0.83194E+00   0.12649E-02   0.20048E+00  -0.40265E-02
   0.45682E+01   0.78901E+01   0.49983E+00   0.16672E+00   0.83196E+00   0.13152E-02   0.20040E+00  -0.33142E-02
   0.47898E+01   0.83657E+01   0.50000E+00   0.16667E+00   0.83197E+00   0.13676E-02   0.20033E+00  -0.27277E-02
   0.50202E+01   0.88701E+01   0.50015E+00   0.16662E+00   0.83196E+00   0.14220E-02   0.20027E+00  -0.22448E-02
   0.52598E+01   0.94049E+01   0.50028E+00   0.16657E+00   0.83195E+00   0.14786E-02   0.20022E+00  -0.18473E-02
   0.55089E+01   0.99720E+01   0.50039E+00   0.16654E+00   0.83193E+00   0.15374E-02   0.20018E+00  -0.15201E-02
   0.57679E+01   0.10573E+02   0.50049E+00   0.16650E+00   0.83190E+00   0.15985E-02   0.20015E+00  -0.12509E-02
   0.60373E+01   0.11211E+02   0.50057E+00   0.16648E+00   0.83186E+00   0.16621E-02   0.20012E+00  -0.10293E-02
   0.63173E+01   0.11887E+02   0.50065E+00   0.16645E+00   0.83182E+00   0.17281E-02   0.20010E+00  -0.84692E-03
   0.66085E+01   0.12604E+02   0.50072E+00   0.16643E+00   0.83178E+00   0.17968E-02   0.20008E+00  -0.69685E-03
   0.69113E+01   0.13364E+02   0.50079E+00   0.16640E+00   0.83173E+00   0.18682E-02   0.20007E+00  -0.57337E-03
   0.72261E+01   0.14170E+02   0.50085E+00   0.16638E+00   0.83168E+00   0.19424E-02   0.20006E+00  -0.47176E-03
   0.75535E+01   0.15025E+02   0.50091E+00   0.16636E+00   0.83162E+00   0.20196E-02   0.20005E+00  -0.38815E-03
   0.78939E+01   0.15931E+02   0.50097E+00   0.16634E+00   0.83156E+00   0.20998E-02   0.20004E+00  -0.31936E-03
   0.82478E+01   0.16892E+02   0.50103E+00   0.16632E+00   0.83149E+00   0.21832E-02   0.20003E+00  -0.26276E-03
   0.86159E+01   0.17912E+02   0.50108E+00   0.16631E+00   0.83142E+00   0.22699E-02   0.20003E+00  -0.21619E-03
   0.89985E+01   0.18992E+02   0.50114E+00   0.16629E+00   0.83135E+00   0.23600E-02   0.20002E+00  -0.17787E-03
   0.93964E+01   0.20138E+02   0.50119E+00   0.16627E+00   0.83128E+00   0.24537E-02   0.20002E+00  -0.14634E-03
   0.98102E+01   0.21353E+02   0.50125E+00   0.16625E+00   0.83120E+00   0.25511E-02   0.20001E+00  -0.12041E-03
   0.10240E+02   0.22641E+02   0.50130E+00   0.16623E+00   0.83111E+00   0.26524E-02   0.20001E+00  -0.99064E-04
   0.10688E+02   0.24007E+02   0.50136E+00   0.16621E+00   0.83103E+00   0.27576E-02   0.20001E+00  -0.81505E-04
   0.11153E+02   0.25456E+02   0.50142E+00   0.16619E+00   0.83094E+00   0.28671E-02   0.20001E+00  -0.67059E-04
   0.11636E+02   0.26992E+02   0.50148E+00   0.16617E+00   0.83084E+00   0.29808E-02   0.20001E+00  -0.55173E-04
   0.12139E+02   0.28621E+02   0.50154E+00   0.16615E+00   0.83075E+00   0.30991E-02   0.20001E+00  -0.45394E-04
   0.12662E+02   0.30348E+02   0.50160E+00   0.16613E+00   0.83065E+00   0.32220E-02   0.20000E+00  -0.37348E-04
   0.13206E+02   0.32180E+02   0.50167E+00   0.16611E+00   0.83054E+00   0.33498E-02   0.20000E+00  -0.30729E-04
   0.13771E+02   0.34122E+02   0.50174E+00   0.16609E+00   0.83043E+00   0.34826E-02   0.20000E+00  -0.25283E-04
   0.14359E+02   0.36182E+02   0.50181E+00   0.16606E+00   0.83031E+00   0.36207E-02   0.20000E+00  -0.20802E-04
   0.14970E+02   0.38366E+02   0.50188E+00   0.16604E+00   0.83020E+00   0.37643E-02   0.20000E+00  -0.17116E-04
   0.15606E+02   0.40681E+02   0.50195E+00   0.16602E+00   0.83007E+00   0.39135E-02   0.20000E+00  -0.14083E-04
   0.16267E+02   0.43137E+02   0.50203E+00   0.16599E+00   0.82994E+00   0.40686E-02   0.20000E+00  -0.11587E-04
   0.16954E+02   0.45741E+02   0.50211E+00   0.16596E+00   0.82981E+00   0.42298E-02   0.20000E+00  -0.95343E-05
   0.17668E+02   0.48503E+02   0.50220E+00   0.16593E+00   0.82967E+00   0.43974E-02   0.20000E+00  -0.78453E-05
   0.18411E+02   0.51431E+02   0.50228E+00   0.16591E+00   0.82952E+00   0.45716E-02   0.20000E+00  -0.64556E-05
   0.19184E+02   0.54537E+02   0.50238E+00   0.16587E+00   0.82937E+00   0.47527E-02   0.20000E+00  -0.53123E-05
   0.19987E+02   0.57830E+02   0.50247E+00   0.16584E+00   0.82922E+00   0.49409E-02   0.20000E+00  -0.43716E-05
   0.20822E+02   0.61322E+02   0.50257E+00   0.16581E+00   0.82905E+00   0.51365E-02   0.20000E+00  -0.35977E-05
   0.21691E+02   0.65026E+02   0.50267E+00   0.16578E+00   0.82888E+00   0.53399E-02   0.20000E+00  -0.29610E-05
   0.22594E+02   0.68953E+02   0.50277E+00   0.16574E+00   0.82871E+00   0.55512E-02   0.20000E+00  -0.24371E-05
   0.23533E+02   0.73118E+02   0.50288E+00   0.16571E+00   0.82852E+00   0.57708E-02   0.20000E+00  -0.20061E-05
   0.24509E+02   0.77534E+02   0.50300E+00   0.16567E+00   0.82833E+00   0.59991E-02   0.20000E+00  -0.16515E-05
   0.25524E+02   0.82218E+02   0.50312E+00   0.16563E+00   0.82814E+00   0.62363E-02   0.20000E+00  -0.13598E-05
   0.26580E+02   0.87185E+02   0.50324E+00   0.16559E+00   0.82793E+00   0.64829E-02   0.20000E+00  -0.11198E-05
   0.27677E+02   0.92453E+02   0.50337E+00   0.16554E+00   0.82772E+00   0.67392E-02   0.20000E+00  -0.92228E-06
   0.28818E+02   0.98040E+02   0.50350E+00   0.16550E+00   0.82750E+00   0.70055E-02   0.20000E+00  -0.75981E-06
   0.30005E+02   0.10396E+03   0.50364E+00   0.16545E+00   0.82726E+00   0.72822E-02   0.20000E+00  -0.62614E-06
   0.31239E+02   0.11025E+03   0.50378E+00   0.16541E+00   0.82703E+00   0.75698E-02   0.20000E+00  -0.51616E-06
   0.32522E+02   0.11691E+03   0.50393E+00   0.16536E+00   0.82678E+00   0.78687E-02   0.20000E+00  -0.42568E-06
   0.33856E+02   0.12398E+03   0.50409E+00   0.16530E+00   0.82652E+00   0.81793E-02   0.20000E+00  -0.35124E-06
   0.35243E+02   0.13147E+03   0.50425E+00   0.16525E+00   0.82625E+00   0.85020E-02   0.20000E+00  -0.28999E-06
   0.36685E+02   0.13942E+03   0.50442E+00   0.16519E+00   0.82597E+00   0.88374E-02   0.20000E+00  -0.23960E-06
   0.38185E+02   0.14785E+03   0.50459E+00   0.16514E+00   0.82568E+00   0.91859E-02   0.20000E+00  -0.19814E-06
   0.39744E+02   0.15680E+03   0.50477E+00   0.16508E+00   0.82538E+00   0.95479E-02   0.20000E+00  -0.16403E-06
   0.41366E+02   0.16628E+03   0.50496E+00   0.16501E+00   0.82506E+00   0.99241E-02   0.20000E+00  -0.13596E-06
   0.43052E+02   0.17634E+03   0.50516E+00   0.16495E+00   0.82474E+00   0.10315E-01   0.20000E+00  -0.11287E-06
   0.44805E+02   0.18701E+03   0.50536E+00   0.16488E+00   0.82440E+00   0.10721E-01   0.20000E+00  -0.93873E-07
   0.46628E+02   0.19832E+03   0.50557E+00   0.16481E+00   0.82405E+00   0.11143E-01   0.20000E+00  -0.78241E-07
   0.48523E+02   0.21033E+03   0.50579E+00   0.16474E+00   0.82368E+00   0.11581E-01   0.20000E+00  -0.65380E-07
   0.50494E+02   0.22306E+03   0.50602E+00   0.16466E+00   0.82330E+00   0.12037E-01   0.20000E+00  -0.54797E-07
   0.52543E+02   0.23656E+03   0.50625E+00   0.16458E+00   0.82291E+00   0.12510E-01   0.20000E+00  -0.46090E-07
   0.54674E+02   0.25088E+03   0.50650E+00   0.16450E+00   0.82250E+00   0.13001E-01   0.20000E+00  -0.38924E-07
   0.56890E+02   0.26608E+03   0.50676E+00   0.16441E+00   0.82207E+00   0.13511E-01   0.20000E+00  -0.33028E-07
   0.59193E+02   0.28219E+03   0.50702E+00   0.16433E+00   0.82163E+00   0.14042E-01   0.20000E+00  -0.28176E-07
   0.61589E+02   0.29929E+03   0.50730E+00   0.16423E+00   0.82117E+00   0.14592E-01   0.20000E+00  -0.24182E-07
   0.64080E+02   0.31742E+03   0.50758E+00   0.16414E+00   0.82070E+00   0.15164E-01   0.20000E+00  -0.20896E-07
   0.66669E+02   0.33666E+03   0.50788E+00   0.16404E+00   0.82020E+00   0.15758E-01   0.20000E+00  -0.18190E-07
   0.69362E+02   0.35707E+03   0.50819E+00   0.16394E+00   0.81969E+00   0.16375E-01   0.20000E+00  -0.15965E-07
   0.72163E+02   0.37871E+03   0.50851E+00   0.16383E+00   0.81915E+00   0.17015E-01   0.20000E+00  -0.14130E-07
   0.75074E+02   0.40168E+03   0.50884E+00   0.16372E+00   0.81860E+00   0.17681E-01   0.20000E+00  -0.12621E-07
   0.78102E+02   0.42605E+03   0.50919E+00   0.16360E+00   0.81802E+00   0.18371E-01   0.20000E+00  -0.11377E-07
   0.81250E+02   0.45189E+03   0.50954E+00   0.16349E+00   0.81743E+00   0.19088E-01   0.20000E+00  -0.10352E-07
   0.84523E+02   0.47932E+03   0.50992E+00   0.16336E+00   0.81681E+00   0.19833E-01   0.20000E+00  -0.95069E-08
   0.87926E+02   0.50841E+03   0.51030E+00   0.16323E+00   0.81616E+00   0.20606E-01   0.20000E+00  -0.88103E-08
   0.91465E+02   0.53928E+03   0.51070E+00   0.16310E+00   0.81549E+00   0.21409E-01   0.20000E+00  -0.82355E-08
   0.95145E+02   0.57204E+03   0.51112E+00   0.16296E+00   0.81480E+00   0.22242E-01   0.20000E+00  -0.77606E-08
   0.98971E+02   0.60679E+03   0.51155E+00   0.16282E+00   0.81408E+00   0.23106E-01   0.20000E+00  -0.73683E-08
   0.10295E+03   0.64367E+03   0.51200E+00   0.16267E+00   0.81333E+00   0.24004E-01   0.20000E+00  -0.70440E-08
   0.10709E+03   0.68279E+03   0.51247E+00   0.16251E+00   0.81255E+00   0.24935E-01   0.20000E+00  -0.67740E-08
   0.11139E+03   0.72431E+03   0.51295E+00   0.16235E+00   0.81175E+00   0.25902E-01   0.20000E+00  -0.65502E-08
   0.11586E+03   0.76837E+03   0.51345E+00   0.16218E+00   0.81091E+00   0.26905E-01   0.20000E+00  -0.63654E-08
   0.12051E+03   0.81513E+03   0.51397E+00   0.16201E+00   0.81005E+00   0.27946E-01   0.20000E+00  -0.62098E-08
   0.12535E+03   0.86475E+03   0.51451E+00   0.16183E+00   0.80915E+00   0.29025E-01   0.20000E+00  -0.60799E-08
   0.13037E+03   0.91741E+03   0.51507E+00   0.16164E+00   0.80821E+00   0.30146E-01   0.20000E+00  -0.59706E-08
   0.13560E+03   0.97330E+03   0.51565E+00   0.16145E+00   0.80724E+00   0.31308E-01   0.20000E+00  -0.58771E-08
   0.14104E+03   0.10326E+04   0.51626E+00   0.16125E+00   0.80624E+00   0.32513E-01   0.20000E+00  -0.58008E-08
   0.14669E+03   0.10956E+04   0.51688E+00   0.16104E+00   0.80520E+00   0.33763E-01   0.20000E+00  -0.57317E-08
   0.15257E+03   0.11624E+04   0.51753E+00   0.16082E+00   0.80412E+00   0.35060E-01   0.20000E+00  -0.56747E-08
   0.15868E+03   0.12333E+04   0.51820E+00   0.16060E+00   0.80300E+00   0.36404E-01   0.20000E+00  -0.56236E-08
   0.16503E+03   0.13086E+04   0.51890E+00   0.16037E+00   0.80183E+00   0.37798E-01   0.20000E+00  -0.55789E-08
   0.17164E+03   0.13886E+04   0.51962E+00   0.16013E+00   0.80063E+00   0.39244E-01   0.20000E+00  -0.55399E-08
   0.17851E+03   0.14734E+04   0.52037E+00   0.15988E+00   0.79938E+00   0.40742E-01   0.20000E+00  -0.55037E-08
   0.18566E+03   0.15635E+04   0.52115E+00   0.15962E+00   0.79809E+00   0.42294E-01   0.20000E+00  -0.54715E-08
   0.19308E+03   0.16592E+04   0.52195E+00   0.15935E+00   0.79675E+00   0.43904E-01   0.20000E+00  -0.54404E-08
   0.20081E+03   0.17607E+04   0.52279E+00   0.15907E+00   0.79536E+00   0.45571E-01   0.20000E+00  -0.54127E-08
   0.20884E+03   0.18685E+04   0.52365E+00   0.15878E+00   0.79392E+00   0.47299E-01   0.20000E+00  -0.53864E-08
   0.21719E+03   0.19831E+04   0.52454E+00   0.15849E+00   0.79243E+00   0.49089E-01   0.20000E+00  -0.53606E-08
   0.22587E+03   0.21047E+04   0.52547E+00   0.15818E+00   0.79088E+00   0.50943E-01   0.20000E+00  -0.53353E-08
   0.23490E+03   0.22338E+04   0.52643E+00   0.15786E+00   0.78928E+00   0.52863E-01   0.20000E+00  -0.53104E-08
   0.24429E+03   0.23709E+04   0.52743E+00   0.15752E+00   0.78762E+00   0.54851E-01   0.20000E+00  -0.52855E-08
   0.25405E+03   0.25166E+04   0.52846E+00   0.15718E+00   0.78591E+00   0.56910E-01   0.20000E+00  -0.52619E-08
   0.26420E+03   0.26713E+04   0.52952E+00   0.15683E+00   0.78413E+00   0.59041E-01   0.20000E+00  -0.52376E-08
   0.27476E+03   0.28357E+04   0.53062E+00   0.15646E+00   0.78229E+00   0.61247E-01   0.20000E+00  -0.52138E-08
   0.28573E+03   0.30103E+04   0.53176E+00   0.15608E+00   0.78039E+00   0.63529E-01   0.20000E+00  -0.51889E-08
   0.29714E+03   0.31958E+04   0.53295E+00   0.15568E+00   0.77842E+00   0.65891E-01   0.20000E+00  -0.51634E-08
   0.30900E+03   0.33929E+04   0.53417E+00   0.15528E+00   0.77639E+00   0.68334E-01   0.20000E+00  -0.51381E-08
   0.32134E+03   0.36023E+04   0.53543E+00   0.15486E+00   0.77428E+00   0.70861E-01   0.20000E+00  -0.51109E-08
   0.33417E+03   0.38249E+04   0.53674E+00   0.15442E+00   0.77211E+00   0.73473E-01   0.20000E+00  -0.50842E-08
   0.34751E+03   0.40614E+04   0.53809E+00   0.15397E+00   0.76985E+00   0.76175E-01   0.20000E+00  -0.50573E-08
   0.36138E+03   0.43128E+04   0.53948E+00   0.15351E+00   0.76753E+00   0.78967E-01   0.20000E+00  -0.50290E-08
   0.37580E+03   0.45799E+04   0.54093E+00   0.15302E+00   0.76512E+00   0.81852E-01   0.20000E+00  -0.50006E-08
   0.39079E+03   0.48639E+04   0.54242E+00   0.15253E+00   0.76264E+00   0.84833E-01   0.20000E+00  -0.49707E-08
   0.40638E+03   0.51658E+04   0.54396E+00   0.15201E+00   0.76007E+00   0.87912E-01   0.20000E+00  -0.49399E-08
   0.42260E+03   0.54868E+04   0.54555E+00   0.15148E+00   0.75742E+00   0.91092E-01   0.20000E+00  -0.49082E-08
   0.43945E+03   0.58281E+04   0.54719E+00   0.15094E+00   0.75469E+00   0.94375E-01   0.20000E+00  -0.48752E-08
   0.45698E+03   0.61911E+04   0.54888E+00   0.15037E+00   0.75186E+00   0.97764E-01   0.20000E+00  -0.48421E-08
   0.47521E+03   0.65770E+04   0.55063E+00   0.14979E+00   0.74895E+00   0.10126E+00   0.20000E+00  -0.48080E-08
   0.49416E+03   0.69876E+04   0.55243E+00   0.14919E+00   0.74594E+00   0.10487E+00   0.20000E+00  -0.47735E-08
   0.51386E+03   0.74242E+04   0.55429E+00   0.14857E+00   0.74284E+00   0.10859E+00   0.20000E+00  -0.47368E-08
   0.53435E+03   0.78888E+04   0.55621E+00   0.14793E+00   0.73965E+00   0.11242E+00   0.20000E+00  -0.47001E-08
   0.55566E+03   0.83830E+04   0.55819E+00   0.14727E+00   0.73635E+00   0.11638E+00   0.20000E+00  -0.46604E-08
   0.57781E+03   0.89090E+04   0.56022E+00   0.14659E+00   0.73296E+00   0.12045E+00   0.20000E+00  -0.46221E-08
   0.60085E+03   0.94686E+04   0.56232E+00   0.14589E+00   0.72946E+00   0.12465E+00   0.20000E+00  -0.45818E-08
   0.62480E+03   0.10064E+05   0.56448E+00   0.14517E+00   0.72586E+00   0.12897E+00   0.20000E+00  -0.45410E-08
   0.64970E+03   0.10698E+05   0.56671E+00   0.14443E+00   0.72216E+00   0.13341E+00   0.20000E+00  -0.44989E-08
   0.67560E+03   0.11373E+05   0.56900E+00   0.14367E+00   0.71834E+00   0.13799E+00   0.20000E+00  -0.44551E-08
   0.70252E+03   0.12092E+05   0.57135E+00   0.14288E+00   0.71442E+00   0.14270E+00   0.20000E+00  -0.44105E-08
   0.73052E+03   0.12857E+05   0.57377E+00   0.14208E+00   0.71038E+00   0.14754E+00   0.20000E+00  -0.43650E-08
   0.75963E+03   0.13672E+05   0.57626E+00   0.14125E+00   0.70624E+00   0.15252E+00   0.20000E+00  -0.43188E-08
   0.78990E+03   0.14541E+05   0.57881E+00   0.14040E+00   0.70198E+00   0.15763E+00   0.20000E+00  -0.42708E-08
   0.82138E+03   0.15465E+05   0.58144E+00   0.13952E+00   0.69760E+00   0.16288E+00   0.20000E+00  -0.42218E-08
   0.85410E+03   0.16451E+05   0.58414E+00   0.13862E+00   0.69311E+00   0.16827E+00   0.20000E+00  -0.41715E-08
   0.88813E+03   0.17501E+05   0.58690E+00   0.13770E+00   0.68850E+00   0.17380E+00   0.20000E+00  -0.41206E-08
   0.92352E+03   0.18620E+05   0.58974E+00   0.13675E+00   0.68377E+00   0.17948E+00   0.20000E+00  -0.40673E-08
   0.96031E+03   0.19813E+05   0.59265E+00   0.13578E+00   0.67892E+00   0.18530E+00   0.20000E+00  -0.40144E-08
   0.99856E+03   0.21084E+05   0.59563E+00   0.13479E+00   0.67395E+00   0.19126E+00   0.20000E+00  -0.39599E-08
   0.10383E+04   0.22440E+05   0.59869E+00   0.13377E+00   0.66886E+00   0.19737E+00   0.20000E+00  -0.39055E-08
   0.10797E+04   0.23887E+05   0.60181E+00   0.13273E+00   0.66365E+00   0.20363E+00   0.20000E+00  -0.38486E-08
   0.11227E+04   0.25429E+05   0.60501E+00   0.13166E+00   0.65831E+00   0.21003E+00   0.20000E+00  -0.37902E-08
   0.11674E+04   0.27074E+05   0.60829E+00   0.13057E+00   0.65285E+00   0.21657E+00   0.20000E+00  -0.37327E-08
   0.12139E+04   0.28830E+05   0.61163E+00   0.12946E+00   0.64728E+00   0.22327E+00   0.20000E+00  -0.36723E-08
   0.12623E+04   0.30703E+05   0.61506E+00   0.12831E+00   0.64157E+00   0.23011E+00   0.20000E+00  -0.36141E-08
   0.13126E+04   0.32703E+05   0.61855E+00   0.12715E+00   0.63575E+00   0.23710E+00   0.20000E+00  -0.35532E-08
   0.13648E+04   0.34838E+05   0.62211E+00   0.12596E+00   0.62981E+00   0.24423E+00   0.20000E+00  -0.34910E-08
   0.14192E+04   0.37117E+05   0.62575E+00   0.12475E+00   0.62375E+00   0.25150E+00   0.20000E+00  -0.34264E-08
   0.14757E+04   0.39551E+05   0.62946E+00   0.12351E+00   0.61757E+00   0.25892E+00   0.20000E+00  -0.33626E-08
   0.15345E+04   0.42151E+05   0.63324E+00   0.12225E+00   0.61127E+00   0.26648E+00   0.20000E+00  -0.32987E-08
   0.15956E+04   0.44928E+05   0.63709E+00   0.12097E+00   0.60485E+00   0.27417E+00   0.20000E+00  -0.32330E-08
   0.16591E+04   0.47896E+05   0.64100E+00   0.11967E+00   0.59833E+00   0.28201E+00   0.20000E+00  -0.31672E-08
   0.17252E+04   0.51067E+05   0.64499E+00   0.11834E+00   0.59169E+00   0.28998E+00   0.20000E+00  -0.31014E-08
   0.17939E+04   0.54457E+05   0.64904E+00   0.11699E+00   0.58494E+00   0.29808E+00   0.20000E+00  -0.30351E-08
   0.18653E+04   0.58081E+05   0.65315E+00   0.11562E+00   0.57808E+00   0.30631E+00   0.20000E+00  -0.29658E-08
   0.19396E+04   0.61957E+05   0.65733E+00   0.11422E+00   0.57112E+00   0.31466E+00   0.20000E+00  -0.28989E-08
   0.20168E+04   0.66102E+05   0.66157E+00   0.11281E+00   0.56405E+00   0.32314E+00   0.20000E+00  -0.28278E-08
   0.20971E+04   0.70536E+05   0.66586E+00   0.11138E+00   0.55689E+00   0.33173E+00   0.20000E+00  -0.27593E-08
   0.21806E+04   0.75280E+05   0.67022E+00   0.10993E+00   0.54964E+00   0.34044E+00   0.20000E+00  -0.26912E-08
   0.22674E+04   0.80357E+05   0.67463E+00   0.10846E+00   0.54229E+00   0.34925E+00   0.20000E+00  -0.26225E-08
   0.23577E+04   0.85792E+05   0.67909E+00   0.10697E+00   0.53486E+00   0.35817E+00   0.20000E+00  -0.25532E-08
   0.24515E+04   0.91610E+05   0.68360E+00   0.10547E+00   0.52734E+00   0.36719E+00   0.20000E+00  -0.24838E-08
   0.25491E+04   0.97839E+05   0.68815E+00   0.10395E+00   0.51974E+00   0.37631E+00   0.20000E+00  -0.24139E-08
   0.26506E+04   0.10451E+06   0.69275E+00   0.10242E+00   0.51208E+00   0.38551E+00   0.20000E+00  -0.23441E-08
   0.27562E+04   0.11166E+06   0.69740E+00   0.10087E+00   0.50434E+00   0.39479E+00   0.20000E+00  -0.22755E-08
   0.28659E+04   0.11932E+06   0.70208E+00   0.99307E-01   0.49654E+00   0.40416E+00   0.20000E+00  -0.22045E-08
   0.29800E+04   0.12752E+06   0.70679E+00   0.97735E-01   0.48868E+00   0.41359E+00   0.20000E+00  -0.21362E-08
   0.30986E+04   0.13632E+06   0.71154E+00   0.96153E-01   0.48076E+00   0.42308E+00   0.20000E+00  -0.20677E-08
   0.32219E+04   0.14575E+06   0.71632E+00   0.94561E-01   0.47280E+00   0.43264E+00   0.20000E+00  -0.19984E-08
   0.33502E+04   0.15586E+06   0.72112E+00   0.92960E-01   0.46480E+00   0.44224E+00   0.20000E+00  -0.19315E-08
   0.34836E+04   0.16670E+06   0.72594E+00   0.91352E-01   0.45676E+00   0.45189E+00   0.20000E+00  -0.18652E-08
   0.36222E+04   0.17833E+06   0.73078E+00   0.89739E-01   0.44869E+00   0.46157E+00   0.20000E+00  -0.17965E-08
   0.37664E+04   0.19081E+06   0.73564E+00   0.88120E-01   0.44060E+00   0.47128E+00   0.20000E+00  -0.17308E-08
   0.39164E+04   0.20420E+06   0.74051E+00   0.86498E-01   0.43249E+00   0.48101E+00   0.20000E+00  -0.16677E-08
   0.40723E+04   0.21858E+06   0.74538E+00   0.84873E-01   0.42437E+00   0.49076E+00   0.20000E+00  -0.16005E-08
   0.42344E+04   0.23401E+06   0.75026E+00   0.83247E-01   0.41624E+00   0.50052E+00   0.20000E+00  -0.15368E-08
   0.44029E+04   0.25057E+06   0.75514E+00   0.81621E-01   0.40811E+00   0.51027E+00   0.20000E+00  -0.14744E-08
   0.45782E+04   0.26836E+06   0.76001E+00   0.79997E-01   0.39998E+00   0.52002E+00   0.20000E+00  -0.14140E-08
   0.47604E+04   0.28747E+06   0.76487E+00   0.78375E-01   0.39188E+00   0.52975E+00   0.20000E+00  -0.13530E-08
   0.49499E+04   0.30799E+06   0.76973E+00   0.76757E-01   0.38378E+00   0.53946E+00   0.20000E+00  -0.12908E-08
   0.51469E+04   0.33005E+06   0.77457E+00   0.75144E-01   0.37572E+00   0.54914E+00   0.20000E+00  -0.12304E-08
   0.53518E+04   0.35375E+06   0.77939E+00   0.73537E-01   0.36768E+00   0.55878E+00   0.20000E+00  -0.11730E-08
   0.55648E+04   0.37922E+06   0.78419E+00   0.71937E-01   0.35968E+00   0.56838E+00   0.20000E+00  -0.11182E-08
   0.57863E+04   0.40660E+06   0.78896E+00   0.70346E-01   0.35173E+00   0.57793E+00   0.20000E+00  -0.10611E-08
   0.60166E+04   0.43604E+06   0.79371E+00   0.68764E-01   0.34382E+00   0.58741E+00   0.20000E+00  -0.10054E-08
   0.62561E+04   0.46770E+06   0.79842E+00   0.67194E-01   0.33597E+00   0.59684E+00   0.20000E+00  -0.95035E-09
   0.65051E+04   0.50175E+06   0.80310E+00   0.65635E-01   0.32817E+00   0.60619E+00   0.20000E+00  -0.90120E-09
   0.67640E+04   0.53838E+06   0.80773E+00   0.64089E-01   0.32044E+00   0.61547E+00   0.20000E+00  -0.84732E-09
   0.70332E+04   0.57778E+06   0.81233E+00   0.62556E-01   0.31278E+00   0.62466E+00   0.20000E+00  -0.79699E-09
   0.73131E+04   0.62018E+06   0.81688E+00   0.61039E-01   0.30519E+00   0.63377E+00   0.20000E+00  -0.74814E-09
   0.76042E+04   0.66581E+06   0.82139E+00   0.59537E-01   0.29769E+00   0.64278E+00   0.20000E+00  -0.70344E-09
   0.79069E+04   0.71491E+06   0.82584E+00   0.58052E-01   0.29026E+00   0.65169E+00   0.20000E+00  -0.65696E-09
   0.82216E+04   0.76778E+06   0.83025E+00   0.56585E-01   0.28292E+00   0.66049E+00   0.20000E+00  -0.60751E-09
   0.85488E+04   0.82469E+06   0.83459E+00   0.55136E-01   0.27568E+00   0.66919E+00   0.20000E+00  -0.56429E-09
   0.88890E+04   0.88597E+06   0.83888E+00   0.53705E-01   0.26853E+00   0.67777E+00   0.20000E+00  -0.52047E-09
   0.92428E+04   0.95197E+06   0.84312E+00   0.52295E-01   0.26147E+00   0.68623E+00   0.20000E+00  -0.47902E-09
   0.96107E+04   0.10230E+07   0.84729E+00   0.50905E-01   0.25452E+00   0.69457E+00   0.20000E+00  -0.43580E-09
   0.99932E+04   0.10996E+07   0.85139E+00   0.49536E-01   0.24768E+00   0.70279E+00   0.20000E+00  -0.39376E-09
   0.10391E+05   0.11821E+07   0.85544E+00   0.48188E-01   0.24094E+00   0.71087E+00   0.20000E+00  -0.35971E-09
   0.10804E+05   0.12710E+07   0.85941E+00   0.46862E-01   0.23431E+00   0.71883E+00   0.20000E+00  -0.32034E-09
   0.11234E+05   0.13667E+07   0.86332E+00   0.45559E-01   0.22779E+00   0.72665E+00   0.20000E+00  -0.28244E-09
   0.11682E+05   0.14699E+07   0.86716E+00   0.44278E-01   0.22139E+00   0.73433E+00   0.20000E+00  -0.24514E-09
   0.12147E+05   0.15811E+07   0.87094E+00   0.43021E-01   0.21511E+00   0.74187E+00   0.20000E+00  -0.21316E-09
   0.12630E+05   0.17010E+07   0.87464E+00   0.41787E-01   0.20894E+00   0.74928E+00   0.20000E+00  -0.17556E-09
   0.13133E+05   0.18302E+07   0.87827E+00   0.40578E-01   0.20289E+00   0.75653E+00   0.20000E+00  -0.13856E-09
   0.13655E+05   0.19696E+07   0.88183E+00   0.39392E-01   0.19696E+00   0.76365E+00   0.20000E+00  -0.10806E-09
   0.14199E+05   0.21198E+07   0.88531E+00   0.38230E-01   0.19115E+00   0.77062E+00   0.20000E+00  -0.71646E-10
   0.14764E+05   0.22818E+07   0.88872E+00   0.37092E-01   0.18546E+00   0.77745E+00   0.20000E+00  -0.40264E-10
   0.15351E+05   0.24565E+07   0.89206E+00   0.35979E-01   0.17990E+00   0.78413E+00   0.20000E+00  -0.59213E-11
   0.15962E+05   0.26449E+07   0.89533E+00   0.34890E-01   0.17445E+00   0.79066E+00   0.20000E+00   0.18948E-10
   0.16598E+05   0.28481E+07   0.89852E+00   0.33826E-01   0.16913E+00   0.79704E+00   0.20000E+00   0.51514E-10
   0.17258E+05   0.30673E+07   0.90164E+00   0.32786E-01   0.16393E+00   0.80328E+00   0.20000E+00   0.84081E-10
   0.17945E+05   0.33038E+07   0.90469E+00   0.31770E-01   0.15885E+00   0.80938E+00   0.20000E+00   0.10925E-09
   0.18659E+05   0.35590E+07   0.90766E+00   0.30779E-01   0.15390E+00   0.81533E+00   0.20000E+00   0.13678E-09
   0.19402E+05   0.38342E+07   0.91056E+00   0.29812E-01   0.14906E+00   0.82113E+00   0.20000E+00   0.17023E-09
   0.20174E+05   0.41313E+07   0.91339E+00   0.28868E-01   0.14434E+00   0.82679E+00   0.20000E+00   0.20073E-09
   0.20977E+05   0.44518E+07   0.91615E+00   0.27949E-01   0.13974E+00   0.83231E+00   0.20000E+00   0.22974E-09
   0.21812E+05   0.47977E+07   0.91884E+00   0.27053E-01   0.13526E+00   0.83768E+00   0.20000E+00   0.26053E-09
   0.22680E+05   0.51710E+07   0.92146E+00   0.26180E-01   0.13090E+00   0.84292E+00   0.20000E+00   0.28540E-09
   0.23582E+05   0.55740E+07   0.92401E+00   0.25330E-01   0.12665E+00   0.84802E+00   0.20000E+00   0.31915E-09
   0.24521E+05   0.60089E+07   0.92649E+00   0.24503E-01   0.12252E+00   0.85298E+00   0.20000E+00   0.34876E-09
   0.25497E+05   0.64783E+07   0.92890E+00   0.23699E-01   0.11849E+00   0.85781E+00   0.20000E+00   0.37688E-09
   0.26511E+05   0.69851E+07   0.93125E+00   0.22917E-01   0.11458E+00   0.86250E+00   0.20000E+00   0.40146E-09
   0.27567E+05   0.75323E+07   0.93353E+00   0.22156E-01   0.11078E+00   0.86706E+00   0.20000E+00   0.43758E-09
   0.28664E+05   0.81229E+07   0.93575E+00   0.21417E-01   0.10709E+00   0.87150E+00   0.20000E+00   0.46718E-09
   0.29804E+05   0.87607E+07   0.93790E+00   0.20699E-01   0.10350E+00   0.87580E+00   0.20000E+00   0.49738E-09
   0.30990E+05   0.94493E+07   0.93999E+00   0.20002E-01   0.10001E+00   0.87999E+00   0.20000E+00   0.53291E-09
   0.32224E+05   0.10193E+08   0.94202E+00   0.19325E-01   0.96627E-01   0.88405E+00   0.20000E+00   0.56074E-09
   0.33506E+05   0.10996E+08   0.94399E+00   0.18669E-01   0.93343E-01   0.88799E+00   0.20000E+00   0.59478E-09
   0.34840E+05   0.11863E+08   0.94591E+00   0.18031E-01   0.90157E-01   0.89181E+00   0.20000E+00   0.62942E-09
   0.36226E+05   0.12799E+08   0.94776E+00   0.17413E-01   0.87067E-01   0.89552E+00   0.20000E+00   0.66465E-09
   0.37668E+05   0.13811E+08   0.94956E+00   0.16814E-01   0.84071E-01   0.89912E+00   0.20000E+00   0.69278E-09
   0.39167E+05   0.14903E+08   0.95130E+00   0.16233E-01   0.81166E-01   0.90260E+00   0.20000E+00   0.72002E-09
   0.40726E+05   0.16082E+08   0.95299E+00   0.15670E-01   0.78352E-01   0.90598E+00   0.20000E+00   0.77271E-09
   0.42346E+05   0.17357E+08   0.95462E+00   0.15125E-01   0.75625E-01   0.90925E+00   0.20000E+00   0.80173E-09
   0.44032E+05   0.18733E+08   0.95621E+00   0.14597E-01   0.72984E-01   0.91242E+00   0.20000E+00   0.84791E-09
   0.45784E+05   0.20220E+08   0.95774E+00   0.14085E-01   0.70427E-01   0.91549E+00   0.20000E+00   0.87930E-09
   0.47606E+05   0.21826E+08   0.95923E+00   0.13590E-01   0.67952E-01   0.91846E+00   0.20000E+00   0.92104E-09
   0.49501E+05   0.23561E+08   0.96067E+00   0.13111E-01   0.65555E-01   0.92133E+00   0.20000E+00   0.96515E-09
   0.51471E+05   0.25435E+08   0.96206E+00   0.12647E-01   0.63237E-01   0.92412E+00   0.20000E+00   0.10025E-08
   0.53519E+05   0.27459E+08   0.96340E+00   0.12199E-01   0.60994E-01   0.92681E+00   0.20000E+00   0.10492E-08
   0.55649E+05   0.29647E+08   0.96471E+00   0.11765E-01   0.58824E-01   0.92941E+00   0.20000E+00   0.10966E-08
   0.57863E+05   0.32010E+08   0.96596E+00   0.11345E-01   0.56726E-01   0.93193E+00   0.20000E+00   0.11600E-08
   0.60166E+05   0.34563E+08   0.96718E+00   0.10939E-01   0.54697E-01   0.93436E+00   0.20000E+00   0.11872E-08
   0.62561E+05   0.37322E+08   0.96836E+00   0.10547E-01   0.52737E-01   0.93672E+00   0.20000E+00   0.12479E-08
   0.65050E+05   0.40303E+08   0.96950E+00   0.10168E-01   0.50841E-01   0.93899E+00   0.20000E+00   0.12938E-08
   0.67639E+05   0.43524E+08   0.97059E+00   0.98020E-02   0.49010E-01   0.94119E+00   0.20000E+00   0.13687E-08
   0.70331E+05   0.47004E+08   0.97166E+00   0.94481E-02   0.47240E-01   0.94331E+00   0.20000E+00   0.13915E-08
   0.73130E+05   0.50764E+08   0.97268E+00   0.91062E-02   0.45531E-01   0.94536E+00   0.20000E+00   0.14661E-08
   0.76040E+05   0.54827E+08   0.97367E+00   0.87761E-02   0.43880E-01   0.94734E+00   0.20000E+00   0.15289E-08
   0.79066E+05   0.59218E+08   0.97463E+00   0.84572E-02   0.42286E-01   0.94926E+00   0.20000E+00   0.15780E-08
   0.82213E+05   0.63963E+08   0.97555E+00   0.81494E-02   0.40747E-01   0.95110E+00   0.20000E+00   0.16470E-08
   0.85484E+05   0.69091E+08   0.97644E+00   0.78522E-02   0.39261E-01   0.95289E+00   0.20000E+00   0.17071E-08
   0.88886E+05   0.74632E+08   0.97730E+00   0.75653E-02   0.37826E-01   0.95461E+00   0.20000E+00   0.17743E-08
   0.92424E+05   0.80620E+08   0.97813E+00   0.72884E-02   0.36442E-01   0.95627E+00   0.20000E+00   0.18806E-08
   0.96102E+05   0.87091E+08   0.97894E+00   0.70212E-02   0.35106E-01   0.95787E+00   0.20000E+00   0.19220E-08
   0.99926E+05   0.94085E+08   0.97971E+00   0.67634E-02   0.33817E-01   0.95942E+00   0.20000E+00   0.20108E-08
   0.10390E+06   0.10164E+09   0.98046E+00   0.65147E-02   0.32573E-01   0.96091E+00   0.20000E+00   0.21032E-08
   0.10804E+06   0.10981E+09   0.98118E+00   0.62747E-02   0.31374E-01   0.96235E+00   0.20000E+00   0.21802E-08
   0.11234E+06   0.11864E+09   0.98187E+00   0.60433E-02   0.30216E-01   0.96374E+00   0.20000E+00   0.22726E-08
   0.11681E+06   0.12818E+09   0.98254E+00   0.58201E-02   0.29100E-01   0.96508E+00   0.20000E+00   0.23534E-08
   0.12146E+06   0.13849E+09   0.98319E+00   0.56048E-02   0.28024E-01   0.96637E+00   0.20000E+00   0.24762E-08
   0.12629E+06   0.14964E+09   0.98381E+00   0.53972E-02   0.26986E-01   0.96762E+00   0.20000E+00   0.25511E-08
   0.13132E+06   0.16169E+09   0.98441E+00   0.51971E-02   0.25986E-01   0.96882E+00   0.20000E+00   0.26740E-08
   0.13654E+06   0.17471E+09   0.98499E+00   0.50042E-02   0.25021E-01   0.96997E+00   0.20000E+00   0.27889E-08
   0.14198E+06   0.18878E+09   0.98555E+00   0.48182E-02   0.24091E-01   0.97109E+00   0.20000E+00   0.28753E-08
   0.14763E+06   0.20399E+09   0.98608E+00   0.46389E-02   0.23195E-01   0.97217E+00   0.20000E+00   0.29973E-08
   0.15350E+06   0.22043E+09   0.98660E+00   0.44661E-02   0.22331E-01   0.97320E+00   0.20000E+00   0.31489E-08
   0.15961E+06   0.23821E+09   0.98710E+00   0.42996E-02   0.21498E-01   0.97420E+00   0.20000E+00   0.32318E-08
   0.16596E+06   0.25742E+09   0.98758E+00   0.41391E-02   0.20696E-01   0.97517E+00   0.20000E+00   0.34002E-08
   0.17257E+06   0.27818E+09   0.98805E+00   0.39845E-02   0.19923E-01   0.97609E+00   0.20000E+00   0.35184E-08
   0.17943E+06   0.30062E+09   0.98849E+00   0.38355E-02   0.19178E-01   0.97699E+00   0.20000E+00   0.36498E-08
   0.18657E+06   0.32488E+09   0.98892E+00   0.36920E-02   0.18460E-01   0.97785E+00   0.20000E+00   0.37907E-08
   0.19400E+06   0.35111E+09   0.98934E+00   0.35537E-02   0.17768E-01   0.97868E+00   0.20000E+00   0.38926E-08
   0.20172E+06   0.37945E+09   0.98974E+00   0.34205E-02   0.17102E-01   0.97948E+00   0.20000E+00   0.40797E-08
   0.20975E+06   0.41009E+09   0.99012E+00   0.32921E-02   0.16461E-01   0.98025E+00   0.20000E+00   0.42609E-08
   0.21809E+06   0.44322E+09   0.99049E+00   0.31685E-02   0.15843E-01   0.98099E+00   0.20000E+00   0.44551E-08
   0.22677E+06   0.47902E+09   0.99085E+00   0.30495E-02   0.15247E-01   0.98170E+00   0.20000E+00   0.46244E-08
   0.23580E+06   0.51772E+09   0.99120E+00   0.29348E-02   0.14674E-01   0.98239E+00   0.20000E+00   0.48012E-08
   0.24518E+06   0.55956E+09   0.99153E+00   0.28244E-02   0.14122E-01   0.98305E+00   0.20000E+00   0.49797E-08
   0.25494E+06   0.60479E+09   0.99185E+00   0.27181E-02   0.13590E-01   0.98369E+00   0.20000E+00   0.51431E-08
   0.26508E+06   0.65368E+09   0.99215E+00   0.26157E-02   0.13078E-01   0.98431E+00   0.20000E+00   0.53729E-08
   0.27563E+06   0.70653E+09   0.99245E+00   0.25171E-02   0.12585E-01   0.98490E+00   0.20000E+00   0.55718E-08
   0.28660E+06   0.76366E+09   0.99273E+00   0.24221E-02   0.12111E-01   0.98547E+00   0.20000E+00   0.58028E-08
   0.29801E+06   0.82542E+09   0.99301E+00   0.23307E-02   0.11654E-01   0.98602E+00   0.20000E+00   0.59934E-08
   0.30987E+06   0.89218E+09   0.99327E+00   0.22427E-02   0.11214E-01   0.98654E+00   0.20000E+00   0.62708E-08
   0.32220E+06   0.96436E+09   0.99353E+00   0.21580E-02   0.10790E-01   0.98705E+00   0.20000E+00   0.65275E-08
   0.33502E+06   0.10424E+10   0.99377E+00   0.20764E-02   0.10382E-01   0.98754E+00   0.20000E+00   0.68476E-08
   0.34835E+06   0.11267E+10   0.99401E+00   0.19979E-02   0.99896E-02   0.98801E+00   0.20000E+00   0.70758E-08
   0.36222E+06   0.12179E+10   0.99423E+00   0.19223E-02   0.96117E-02   0.98847E+00   0.20000E+00   0.73648E-08
   0.37663E+06   0.13165E+10   0.99445E+00   0.18496E-02   0.92479E-02   0.98890E+00   0.20000E+00   0.76300E-08
   0.39162E+06   0.14231E+10   0.99466E+00   0.17796E-02   0.88978E-02   0.98932E+00   0.20000E+00   0.79604E-08
   0.40721E+06   0.15383E+10   0.99486E+00   0.17121E-02   0.85607E-02   0.98973E+00   0.20000E+00   0.82592E-08
   0.42341E+06   0.16628E+10   0.99506E+00   0.16473E-02   0.82363E-02   0.99012E+00   0.20000E+00   0.85466E-08
   0.44026E+06   0.17974E+10   0.99525E+00   0.15848E-02   0.79241E-02   0.99049E+00   0.20000E+00   0.89164E-08
   0.45778E+06   0.19430E+10   0.99543E+00   0.15247E-02   0.76236E-02   0.99085E+00   0.20000E+00   0.92773E-08
   0.47600E+06   0.21003E+10   0.99560E+00   0.14669E-02   0.73344E-02   0.99120E+00   0.20000E+00   0.96125E-08
   0.49494E+06   0.22705E+10   0.99577E+00   0.14112E-02   0.70561E-02   0.99153E+00   0.20000E+00   0.10157E-07
   0.51464E+06   0.24544E+10   0.99593E+00   0.13576E-02   0.67882E-02   0.99185E+00   0.20000E+00   0.10633E-07
   0.53512E+06   0.26532E+10   0.99608E+00   0.13061E-02   0.65304E-02   0.99216E+00   0.20000E+00   0.10919E-07
   0.55642E+06   0.28681E+10   0.99623E+00   0.12565E-02   0.62824E-02   0.99246E+00   0.20000E+00   0.11283E-07
   0.57856E+06   0.31005E+10   0.99637E+00   0.12087E-02   0.60437E-02   0.99275E+00   0.20000E+00   0.11789E-07
   0.60158E+06   0.33517E+10   0.99651E+00   0.11628E-02   0.58140E-02   0.99302E+00   0.20000E+00   0.12283E-07
   0.62552E+06   0.36233E+10   0.99664E+00   0.11186E-02   0.55930E-02   0.99329E+00   0.20000E+00   0.12644E-07
   0.65042E+06   0.39169E+10   0.99677E+00   0.10761E-02   0.53803E-02   0.99354E+00   0.20000E+00   0.13249E-07
   0.67630E+06   0.42344E+10   0.99689E+00   0.10351E-02   0.51756E-02   0.99379E+00   0.20000E+00   0.13715E-07
   0.70321E+06   0.45776E+10   0.99701E+00   0.99575E-03   0.49787E-02   0.99403E+00   0.20000E+00   0.14515E-07
   0.73120E+06   0.49486E+10   0.99713E+00   0.95786E-03   0.47893E-02   0.99425E+00   0.20000E+00   0.14850E-07
   0.76030E+06   0.53497E+10   0.99724E+00   0.92140E-03   0.46070E-02   0.99447E+00   0.20000E+00   0.15539E-07
   0.79056E+06   0.57833E+10   0.99734E+00   0.88632E-03   0.44316E-02   0.99468E+00   0.20000E+00   0.16074E-07
   0.82202E+06   0.62522E+10   0.99744E+00   0.85258E-03   0.42629E-02   0.99488E+00   0.20000E+00   0.16734E-07
   0.85473E+06   0.67590E+10   0.99754E+00   0.82011E-03   0.41005E-02   0.99508E+00   0.20000E+00   0.17334E-07
   0.88874E+06   0.73070E+10   0.99763E+00   0.78887E-03   0.39443E-02   0.99527E+00   0.20000E+00   0.17992E-07
   0.92411E+06   0.78994E+10   0.99772E+00   0.75881E-03   0.37941E-02   0.99545E+00   0.20000E+00   0.18677E-07
   0.96089E+06   0.85399E+10   0.99781E+00   0.72990E-03   0.36495E-02   0.99562E+00   0.20000E+00   0.19599E-07
   0.99913E+06   0.92324E+10   0.99789E+00   0.70208E-03   0.35104E-02   0.99579E+00   0.20000E+00   0.20142E-07
   0.10389E+07   0.99810E+10   0.99797E+00   0.67532E-03   0.33766E-02   0.99595E+00   0.20000E+00   0.21130E-07
   0.10802E+07   0.10790E+11   0.99805E+00   0.64957E-03   0.32479E-02   0.99610E+00   0.20000E+00   0.21784E-07
   0.11232E+07   0.11665E+11   0.99813E+00   0.62480E-03   0.31240E-02   0.99625E+00   0.20000E+00   0.22613E-07
   0.11679E+07   0.12612E+11   0.99820E+00   0.60098E-03   0.30049E-02   0.99639E+00   0.20000E+00   0.23936E-07
   0.12144E+07   0.13634E+11   0.99827E+00   0.57806E-03   0.28903E-02   0.99653E+00   0.20000E+00   0.24606E-07
   0.12627E+07   0.14740E+11   0.99833E+00   0.55601E-03   0.27800E-02   0.99666E+00   0.20000E+00   0.25472E-07
   0.13130E+07   0.15936E+11   0.99840E+00   0.53479E-03   0.26740E-02   0.99679E+00   0.20000E+00   0.26796E-07
   0.13652E+07   0.17228E+11   0.99846E+00   0.51439E-03   0.25719E-02   0.99691E+00   0.20000E+00   0.27916E-07
   0.14196E+07   0.18626E+11   0.99852E+00   0.49476E-03   0.24738E-02   0.99703E+00   0.20000E+00   0.28513E-07
   0.14761E+07   0.20136E+11   0.99857E+00   0.47588E-03   0.23794E-02   0.99714E+00   0.20000E+00   0.30170E-07
   0.15348E+07   0.21770E+11   0.99863E+00   0.45772E-03   0.22886E-02   0.99725E+00   0.20000E+00   0.30991E-07
   0.15959E+07   0.23536E+11   0.99868E+00   0.44024E-03   0.22012E-02   0.99736E+00   0.20000E+00   0.32705E-07
   0.16594E+07   0.25445E+11   0.99873E+00   0.42344E-03   0.21172E-02   0.99746E+00   0.20000E+00   0.33817E-07
   0.17254E+07   0.27509E+11   0.99878E+00   0.40727E-03   0.20364E-02   0.99756E+00   0.20000E+00   0.34992E-07
   0.17941E+07   0.29741E+11   0.99882E+00   0.39172E-03   0.19586E-02   0.99765E+00   0.20000E+00   0.36305E-07
   0.18655E+07   0.32153E+11   0.99887E+00   0.37676E-03   0.18838E-02   0.99774E+00   0.20000E+00   0.37442E-07
   0.19397E+07   0.34762E+11   0.99891E+00   0.36237E-03   0.18119E-02   0.99783E+00   0.20000E+00   0.39634E-07
   0.20169E+07   0.37582E+11   0.99895E+00   0.34853E-03   0.17427E-02   0.99791E+00   0.20000E+00   0.41131E-07
   0.20972E+07   0.40631E+11   0.99899E+00   0.33522E-03   0.16761E-02   0.99799E+00   0.20000E+00   0.42527E-07
   0.21806E+07   0.43928E+11   0.99903E+00   0.32242E-03   0.16121E-02   0.99807E+00   0.20000E+00   0.44176E-07
   0.22674E+07   0.47492E+11   0.99907E+00   0.31010E-03   0.15505E-02   0.99814E+00   0.20000E+00   0.46062E-07
   0.23576E+07   0.51345E+11   0.99911E+00   0.29825E-03   0.14913E-02   0.99821E+00   0.20000E+00   0.47775E-07
   0.24515E+07   0.55512E+11   0.99914E+00   0.28686E-03   0.14343E-02   0.99828E+00   0.20000E+00   0.50335E-07
   0.25490E+07   0.60016E+11   0.99917E+00   0.27590E-03   0.13795E-02   0.99834E+00   0.20000E+00   0.51672E-07
   0.26505E+07   0.64886E+11   0.99920E+00   0.26535E-03   0.13268E-02   0.99841E+00   0.20000E+00   0.53812E-07
   0.27559E+07   0.70151E+11   0.99923E+00   0.25521E-03   0.12761E-02   0.99847E+00   0.20000E+00   0.55871E-07
   0.28656E+07   0.75843E+11   0.99926E+00   0.24546E-03   0.12273E-02   0.99853E+00   0.20000E+00   0.58159E-07
   0.29797E+07   0.81997E+11   0.99929E+00   0.23608E-03   0.11804E-02   0.99858E+00   0.20000E+00   0.60859E-07
   0.30982E+07   0.88651E+11   0.99932E+00   0.22706E-03   0.11353E-02   0.99864E+00   0.20000E+00   0.62641E-07
   0.32215E+07   0.95845E+11   0.99934E+00   0.21838E-03   0.10919E-02   0.99869E+00   0.20000E+00   0.65429E-07
   0.33497E+07   0.10362E+12   0.99937E+00   0.21003E-03   0.10502E-02   0.99874E+00   0.20000E+00   0.68378E-07
   0.34831E+07   0.11203E+12   0.99939E+00   0.20200E-03   0.10100E-02   0.99879E+00   0.20000E+00   0.70819E-07
   0.36217E+07   0.12112E+12   0.99942E+00   0.19428E-03   0.97140E-03   0.99883E+00   0.20000E+00   0.73146E-07
   0.37658E+07   0.13095E+12   0.99944E+00   0.18685E-03   0.93426E-03   0.99888E+00   0.20000E+00   0.76123E-07
   0.39157E+07   0.14158E+12   0.99946E+00   0.17971E-03   0.89854E-03   0.99892E+00   0.20000E+00   0.80073E-07
   0.40715E+07   0.15307E+12   0.99948E+00   0.17284E-03   0.86419E-03   0.99896E+00   0.20000E+00   0.83528E-07
   0.42335E+07   0.16549E+12   0.99950E+00   0.16623E-03   0.83115E-03   0.99900E+00   0.20000E+00   0.85284E-07
   0.44020E+07   0.17892E+12   0.99952E+00   0.15987E-03   0.79937E-03   0.99904E+00   0.20000E+00   0.89871E-07
   0.45772E+07   0.19344E+12   0.99954E+00   0.15376E-03   0.76880E-03   0.99908E+00   0.20000E+00   0.93093E-07
   0.47593E+07   0.20914E+12   0.99956E+00   0.14788E-03   0.73940E-03   0.99911E+00   0.20000E+00   0.96353E-07
   0.49487E+07   0.22611E+12   0.99957E+00   0.14223E-03   0.71113E-03   0.99915E+00   0.20000E+00   0.99900E-07
   0.51457E+07   0.24446E+12   0.99959E+00   0.13679E-03   0.68393E-03   0.99918E+00   0.20000E+00   0.10452E-06
   0.53504E+07   0.26430E+12   0.99961E+00   0.13156E-03   0.65778E-03   0.99921E+00   0.20000E+00   0.10850E-06
   0.55634E+07   0.28576E+12   0.99962E+00   0.12652E-03   0.63262E-03   0.99924E+00   0.20000E+00   0.11305E-06
   0.57848E+07   0.30895E+12   0.99963E+00   0.12169E-03   0.60843E-03   0.99927E+00   0.20000E+00   0.11869E-06
   0.60150E+07   0.33402E+12   0.99965E+00   0.11703E-03   0.58516E-03   0.99930E+00   0.20000E+00   0.12288E-06
   0.62543E+07   0.36113E+12   0.99966E+00   0.11256E-03   0.56278E-03   0.99932E+00   0.20000E+00   0.12665E-06
   0.65032E+07   0.39044E+12   0.99968E+00   0.10825E-03   0.54125E-03   0.99935E+00   0.20000E+00   0.13129E-06
   0.67620E+07   0.42213E+12   0.99969E+00   0.10411E-03   0.52055E-03   0.99938E+00   0.20000E+00   0.13762E-06
   0.70311E+07   0.45639E+12   0.99970E+00   0.10013E-03   0.50064E-03   0.99940E+00   0.20000E+00   0.14280E-06
   0.73109E+07   0.49343E+12   0.99971E+00   0.96298E-04   0.48149E-03   0.99942E+00   0.20000E+00   0.14854E-06
   0.76019E+07   0.53348E+12   0.99972E+00   0.92614E-04   0.46307E-03   0.99944E+00   0.20000E+00   0.15470E-06
   0.79044E+07   0.57678E+12   0.99973E+00   0.89072E-04   0.44536E-03   0.99947E+00   0.20000E+00   0.16061E-06
   0.82190E+07   0.62359E+12   0.99974E+00   0.85664E-04   0.42832E-03   0.99949E+00   0.20000E+00   0.16736E-06
   0.85461E+07   0.67421E+12   0.99975E+00   0.82387E-04   0.41194E-03   0.99951E+00   0.20000E+00   0.17361E-06
   0.88862E+07   0.72893E+12   0.99976E+00   0.79236E-04   0.39618E-03   0.99952E+00   0.20000E+00   0.18175E-06
   0.92398E+07   0.78809E+12   0.99977E+00   0.76204E-04   0.38102E-03   0.99954E+00   0.20000E+00   0.18838E-06
   0.96075E+07   0.85206E+12   0.99978E+00   0.73289E-04   0.36645E-03   0.99956E+00   0.20000E+00   0.19468E-06
   0.99898E+07   0.92122E+12   0.99979E+00   0.70485E-04   0.35243E-03   0.99958E+00   0.20000E+00   0.20370E-06
   0.10387E+08   0.99599E+12   0.99980E+00   0.67789E-04   0.33894E-03   0.99959E+00   0.20000E+00   0.21241E-06
   0.10801E+08   0.10768E+13   0.99980E+00   0.65195E-04   0.32598E-03   0.99961E+00   0.20000E+00   0.22016E-06
   0.11231E+08   0.11642E+13   0.99981E+00   0.62701E-04   0.31351E-03   0.99962E+00   0.20000E+00   0.22904E-06
   0.11678E+08   0.12587E+13   0.99982E+00   0.60302E-04   0.30151E-03   0.99964E+00   0.20000E+00   0.23751E-06
   0.12142E+08   0.13609E+13   0.99983E+00   0.57995E-04   0.28998E-03   0.99965E+00   0.20000E+00   0.24746E-06
   0.12625E+08   0.14714E+13   0.99983E+00   0.55776E-04   0.27888E-03   0.99967E+00   0.20000E+00   0.25818E-06
   0.13128E+08   0.15908E+13   0.99984E+00   0.53642E-04   0.26821E-03   0.99968E+00   0.20000E+00   0.26728E-06
   0.13650E+08   0.17199E+13   0.99985E+00   0.51590E-04   0.25795E-03   0.99969E+00   0.20000E+00   0.27994E-06
   0.14194E+08   0.18595E+13   0.99985E+00   0.49616E-04   0.24808E-03   0.99970E+00   0.20000E+00   0.28968E-06
   0.14758E+08   0.20105E+13   0.99986E+00   0.47718E-04   0.23859E-03   0.99971E+00   0.20000E+00   0.30018E-06
   0.15346E+08   0.21736E+13   0.99986E+00   0.45892E-04   0.22946E-03   0.99972E+00   0.20000E+00   0.30903E-06
   0.15956E+08   0.23501E+13   0.99987E+00   0.44136E-04   0.22068E-03   0.99974E+00   0.20000E+00   0.32292E-06
   0.16591E+08   0.25408E+13   0.99987E+00   0.42447E-04   0.21223E-03   0.99975E+00   0.20000E+00   0.33596E-06
   0.17252E+08   0.27471E+13   0.99988E+00   0.40823E-04   0.20411E-03   0.99976E+00   0.20000E+00   0.35260E-06
   0.17938E+08   0.29701E+13   0.99988E+00   0.39261E-04   0.19630E-03   0.99976E+00   0.20000E+00   0.36191E-06
   0.18652E+08   0.32111E+13   0.99989E+00   0.37759E-04   0.18879E-03   0.99977E+00   0.20000E+00   0.37860E-06
   0.19394E+08   0.34718E+13   0.99989E+00   0.36314E-04   0.18157E-03   0.99978E+00   0.20000E+00   0.39611E-06
   0.20166E+08   0.37536E+13   0.99990E+00   0.34924E-04   0.17462E-03   0.99979E+00   0.20000E+00   0.40989E-06
   0.20969E+08   0.40583E+13   0.99990E+00   0.33588E-04   0.16794E-03   0.99980E+00   0.20000E+00   0.42671E-06
   0.21803E+08   0.43877E+13   0.99990E+00   0.32303E-04   0.16151E-03   0.99981E+00   0.20000E+00   0.44651E-06
   0.22671E+08   0.47439E+13   0.99991E+00   0.31067E-04   0.15533E-03   0.99981E+00   0.20000E+00   0.46843E-06
   0.23573E+08   0.51289E+13   0.99991E+00   0.29878E-04   0.14939E-03   0.99982E+00   0.20000E+00   0.48262E-06
   0.24511E+08   0.55452E+13   0.99991E+00   0.28734E-04   0.14367E-03   0.99983E+00   0.20000E+00   0.49851E-06
   0.25487E+08   0.59954E+13   0.99992E+00   0.27635E-04   0.13817E-03   0.99983E+00   0.20000E+00   0.51687E-06
   0.26501E+08   0.64820E+13   0.99992E+00   0.26577E-04   0.13289E-03   0.99984E+00   0.20000E+00   0.53947E-06
   0.27556E+08   0.70082E+13   0.99992E+00   0.25560E-04   0.12780E-03   0.99985E+00   0.20000E+00   0.55754E-06
   0.28652E+08   0.75770E+13   0.99993E+00   0.24582E-04   0.12291E-03   0.99985E+00   0.20000E+00   0.58272E-06
   0.29792E+08   0.81921E+13   0.99993E+00   0.23642E-04   0.11821E-03   0.99986E+00   0.20000E+00   0.60983E-06
   0.30978E+08   0.88571E+13   0.99993E+00   0.22737E-04   0.11368E-03   0.99986E+00   0.20000E+00   0.62881E-06
   0.32211E+08   0.95760E+13   0.99993E+00   0.21867E-04   0.10933E-03   0.99987E+00   0.20000E+00   0.65268E-06
   0.33493E+08   0.10353E+14   0.99994E+00   0.21030E-04   0.10515E-03   0.99987E+00   0.20000E+00   0.68359E-06
   0.34825E+08   0.11194E+14   0.99994E+00   0.20225E-04   0.10113E-03   0.99988E+00   0.20000E+00   0.71569E-06
   0.36211E+08   0.12102E+14   0.99994E+00   0.19451E-04   0.97256E-04   0.99988E+00   0.20000E+00   0.73359E-06
   0.37652E+08   0.13085E+14   0.99994E+00   0.18707E-04   0.93534E-04   0.99989E+00   0.20000E+00   0.76056E-06
   0.39151E+08   0.14147E+14   0.99995E+00   0.17991E-04   0.89955E-04   0.99989E+00   0.20000E+00   0.80303E-06
   0.40709E+08   0.15295E+14   0.99995E+00   0.17302E-04   0.86512E-04   0.99990E+00   0.20000E+00   0.82964E-06
   0.42329E+08   0.16537E+14   0.99995E+00   0.16640E-04   0.83201E-04   0.99990E+00   0.20000E+00   0.86515E-06
   0.44013E+08   0.17879E+14   0.99995E+00   0.16004E-04   0.80017E-04   0.99990E+00   0.20000E+00   0.90104E-06
   0.45765E+08   0.19330E+14   0.99995E+00   0.15391E-04   0.76955E-04   0.99991E+00   0.20000E+00   0.92709E-06
   0.47586E+08   0.20900E+14   0.99996E+00   0.14802E-04   0.74010E-04   0.99991E+00   0.20000E+00   0.96865E-06
   0.49480E+08   0.22596E+14   0.99996E+00   0.14236E-04   0.71178E-04   0.99991E+00   0.20000E+00   0.10017E-05
   0.51449E+08   0.24430E+14   0.99996E+00   0.13691E-04   0.68454E-04   0.99992E+00   0.20000E+00   0.10486E-05
   0.53497E+08   0.26413E+14   0.99996E+00   0.13167E-04   0.65834E-04   0.99992E+00   0.20000E+00   0.10943E-05
   0.55625E+08   0.28557E+14   0.99996E+00   0.12663E-04   0.63315E-04   0.99992E+00   0.20000E+00   0.11324E-05
   0.57839E+08   0.30876E+14   0.99996E+00   0.12178E-04   0.60892E-04   0.99993E+00   0.20000E+00   0.11817E-05
   0.60141E+08   0.33382E+14   0.99996E+00   0.11712E-04   0.58561E-04   0.99993E+00   0.20000E+00   0.12189E-05
   0.62534E+08   0.36092E+14   0.99997E+00   0.11264E-04   0.56320E-04   0.99993E+00   0.20000E+00   0.12642E-05
   0.65023E+08   0.39021E+14   0.99997E+00   0.10833E-04   0.54165E-04   0.99994E+00   0.20000E+00   0.13334E-05
   0.67611E+08   0.42189E+14   0.99997E+00   0.10418E-04   0.52092E-04   0.99994E+00   0.20000E+00   0.13664E-05
   0.70301E+08   0.45613E+14   0.99997E+00   0.10020E-04   0.50098E-04   0.99994E+00   0.20000E+00   0.14518E-05
   0.73099E+08   0.49316E+14   0.99997E+00   0.96362E-05   0.48181E-04   0.99994E+00   0.20000E+00   0.14868E-05
   0.76008E+08   0.53319E+14   0.99997E+00   0.92674E-05   0.46337E-04   0.99994E+00   0.20000E+00   0.15619E-05
   0.79033E+08   0.57647E+14   0.99997E+00   0.89128E-05   0.44564E-04   0.99995E+00   0.20000E+00   0.16245E-05
   0.82178E+08   0.62327E+14   0.99997E+00   0.85717E-05   0.42858E-04   0.99995E+00   0.20000E+00   0.16772E-05
   0.85448E+08   0.67386E+14   0.99998E+00   0.82436E-05   0.41218E-04   0.99995E+00   0.20000E+00   0.17379E-05
   0.88849E+08   0.72856E+14   0.99998E+00   0.79281E-05   0.39641E-04   0.99995E+00   0.20000E+00   0.18186E-05
   0.92384E+08   0.78770E+14   0.99998E+00   0.76247E-05   0.38123E-04   0.99995E+00   0.20000E+00   0.18709E-05
   0.96061E+08   0.85165E+14   0.99998E+00   0.73329E-05   0.36664E-04   0.99996E+00   0.20000E+00   0.19642E-05
   0.99884E+08   0.92078E+14   0.99998E+00   0.70523E-05   0.35261E-04   0.99996E+00   0.20000E+00   0.20234E-05
   0.10386E+09   0.99552E+14   0.99998E+00   0.67824E-05   0.33912E-04   0.99996E+00   0.20000E+00   0.21189E-05
   0.10799E+09   0.10763E+15   0.99998E+00   0.65228E-05   0.32614E-04   0.99996E+00   0.20000E+00   0.22032E-05
   0.11229E+09   0.11637E+15   0.99998E+00   0.62732E-05   0.31366E-04   0.99996E+00   0.20000E+00   0.22943E-05
   0.11676E+09   0.12582E+15   0.99998E+00   0.60331E-05   0.30165E-04   0.99996E+00   0.20000E+00   0.23636E-05
   0.12140E+09   0.13603E+15   0.99998E+00   0.58022E-05   0.29011E-04   0.99997E+00   0.20000E+00   0.24634E-05
   0.12624E+09   0.14707E+15   0.99998E+00   0.55802E-05   0.27901E-04   0.99997E+00   0.20000E+00   0.25420E-05
   0.13126E+09   0.15901E+15   0.99998E+00   0.53666E-05   0.26833E-04   0.99997E+00   0.20000E+00   0.26598E-05
   0.13648E+09   0.17192E+15   0.99998E+00   0.51612E-05   0.25806E-04   0.99997E+00   0.20000E+00   0.27751E-05
   0.14191E+09   0.18587E+15   0.99999E+00   0.49637E-05   0.24818E-04   0.99997E+00   0.20000E+00   0.29036E-05
   0.14756E+09   0.20096E+15   0.99999E+00   0.47737E-05   0.23868E-04   0.99997E+00   0.20000E+00   0.29768E-05
   0.15343E+09   0.21727E+15   0.99999E+00   0.45910E-05   0.22955E-04   0.99997E+00   0.20000E+00   0.31459E-05
   0.15954E+09   0.23491E+15   0.99999E+00   0.44153E-05   0.22076E-04   0.99997E+00   0.20000E+00   0.32558E-05
   0.16589E+09   0.25398E+15   0.99999E+00   0.42463E-05   0.21231E-04   0.99997E+00   0.20000E+00   0.33554E-05
   0.17249E+09   0.27460E+15   0.99999E+00   0.40838E-05   0.20419E-04   0.99998E+00   0.20000E+00   0.35310E-05
   0.17936E+09   0.29689E+15   0.99999E+00   0.39275E-05   0.19637E-04   0.99998E+00   0.20000E+00   0.36591E-05
   0.18649E+09   0.32099E+15   0.99999E+00   0.37772E-05   0.18886E-04   0.99998E+00   0.20000E+00   0.37726E-05
   0.19392E+09   0.34704E+15   0.99999E+00   0.36327E-05   0.18163E-04   0.99998E+00   0.20000E+00   0.39415E-05
   0.20163E+09   0.37522E+15   0.99999E+00   0.34936E-05   0.17468E-04   0.99998E+00   0.20000E+00   0.40544E-05
   0.20966E+09   0.40567E+15   0.99999E+00   0.33599E-05   0.16799E-04   0.99998E+00   0.20000E+00   0.42728E-05
   0.21800E+09   0.43860E+15   0.99999E+00   0.32313E-05   0.16156E-04   0.99998E+00   0.20000E+00   0.44197E-05
   0.22668E+09   0.47421E+15   0.99999E+00   0.31077E-05   0.15538E-04   0.99998E+00   0.20000E+00   0.46251E-05
   0.23570E+09   0.51270E+15   0.99999E+00   0.29887E-05   0.14943E-04   0.99998E+00   0.20000E+00   0.47609E-05
   0.24508E+09   0.55432E+15   0.99999E+00   0.28743E-05   0.14372E-04   0.99998E+00   0.20000E+00   0.50152E-05
   0.25483E+09   0.59932E+15   0.99999E+00   0.27643E-05   0.13821E-04   0.99998E+00   0.20000E+00   0.51867E-05
   0.26497E+09   0.64797E+15   0.99999E+00   0.26585E-05   0.13293E-04   0.99998E+00   0.20000E+00   0.54016E-05
   0.27551E+09   0.70057E+15   0.99999E+00   0.25568E-05   0.12784E-04   0.99998E+00   0.20000E+00   0.56137E-05
   0.28648E+09   0.75743E+15   0.99999E+00   0.24589E-05   0.12295E-04   0.99999E+00   0.20000E+00   0.58438E-05
   0.29788E+09   0.81892E+15   0.99999E+00   0.23648E-05   0.11824E-04   0.99999E+00   0.20000E+00   0.61092E-05
   0.30973E+09   0.88539E+15   0.99999E+00   0.22743E-05   0.11371E-04   0.99999E+00   0.20000E+00   0.62761E-05
   0.32206E+09   0.95727E+15   0.99999E+00   0.21873E-05   0.10936E-04   0.99999E+00   0.20000E+00   0.65670E-05
   0.33488E+09   0.10350E+16   0.99999E+00   0.21036E-05   0.10518E-04   0.99999E+00   0.20000E+00   0.68319E-05
   0.34820E+09   0.11190E+16   0.99999E+00   0.20231E-05   0.10115E-04   0.99999E+00   0.20000E+00   0.70604E-05
   0.36206E+09   0.12098E+16   0.99999E+00   0.19456E-05   0.97280E-05   0.99999E+00   0.20000E+00   0.73464E-05
   0.37647E+09   0.13080E+16   0.99999E+00   0.18712E-05   0.93557E-05   0.99999E+00   0.20000E+00   0.76115E-05
   0.39145E+09   0.14142E+16   0.99999E+00   0.17996E-05   0.89976E-05   0.99999E+00   0.20000E+00   0.80152E-05
   0.40703E+09   0.15290E+16   0.99999E+00   0.17307E-05   0.86533E-05   0.99999E+00   0.20000E+00   0.82151E-05
   0.42323E+09   0.16531E+16   0.99999E+00   0.16645E-05   0.83221E-05   0.99999E+00   0.20001E+00   0.86718E-05
   0.44007E+09   0.17873E+16   0.10000E+01   0.16008E-05   0.80036E-05   0.99999E+00   0.20001E+00   0.90082E-05
   0.45758E+09   0.19324E+16   0.10000E+01   0.15395E-05   0.76973E-05   0.99999E+00   0.20001E+00   0.93005E-05
   0.47579E+09   0.20893E+16   0.10000E+01   0.14806E-05   0.74027E-05   0.99999E+00   0.20001E+00   0.96969E-05
   0.49473E+09   0.22589E+16   0.10000E+01   0.14239E-05   0.71194E-05   0.99999E+00   0.20001E+00   0.10127E-04
   0.51442E+09   0.24422E+16   0.10000E+01   0.13694E-05   0.68469E-05   0.99999E+00   0.20001E+00   0.10380E-04
   0.53489E+09   0.26405E+16   0.10000E+01   0.13170E-05   0.65848E-05   0.99999E+00   0.20001E+00   0.10802E-04
   0.55617E+09   0.28548E+16   0.10000E+01   0.12666E-05   0.63328E-05   0.99999E+00   0.20001E+00   0.11254E-04
   0.57831E+09   0.30865E+16   0.10000E+01   0.12181E-05   0.60904E-05   0.99999E+00   0.20001E+00   0.11815E-04
   0.60132E+09   0.33371E+16   0.10000E+01   0.11715E-05   0.58573E-05   0.99999E+00   0.20001E+00   0.12194E-04
   0.62525E+09   0.36080E+16   0.10000E+01   0.11267E-05   0.56332E-05   0.99999E+00   0.20001E+00   0.12779E-04
   0.65013E+09   0.39009E+16   0.10000E+01   0.10836E-05   0.54176E-05   0.99999E+00   0.20001E+00   0.13146E-04
   0.67601E+09   0.42175E+16   0.10000E+01   0.10421E-05   0.52102E-05   0.99999E+00   0.20001E+00   0.13706E-04
   0.70291E+09   0.45599E+16   0.10000E+01   0.10022E-05   0.50108E-05   0.99999E+00   0.20001E+00   0.14299E-04
   0.73088E+09   0.49300E+16   0.10000E+01   0.96385E-06   0.48190E-05   0.99999E+00   0.20001E+00   0.14946E-04
   0.75997E+09   0.53302E+16   0.10000E+01   0.92696E-06   0.46346E-05   0.99999E+00   0.20001E+00   0.15620E-04
   0.79021E+09   0.57629E+16   0.10000E+01   0.89149E-06   0.44572E-05   0.99999E+00   0.20001E+00   0.16046E-04
   0.82166E+09   0.62307E+16   0.10000E+01   0.85737E-06   0.42866E-05   0.99999E+00   0.20001E+00   0.16779E-04
   0.85436E+09   0.67365E+16   0.10000E+01   0.82456E-06   0.41226E-05   0.10000E+01   0.20001E+00   0.17269E-04
   0.88836E+09   0.72833E+16   0.10000E+01   0.79300E-06   0.39648E-05   0.10000E+01   0.20001E+00   0.18183E-04
   0.92371E+09   0.78746E+16   0.10000E+01   0.76265E-06   0.38131E-05   0.10000E+01   0.20001E+00   0.18616E-04
   0.96047E+09   0.85138E+16   0.10000E+01   0.73347E-06   0.36671E-05   0.10000E+01   0.20001E+00   0.19564E-04
   0.99869E+09   0.92049E+16   0.10000E+01   0.70540E-06   0.35268E-05   0.10000E+01   0.20001E+00   0.20198E-04
   0.10384E+10   0.99521E+16   0.10000E+01   0.67840E-06   0.33918E-05   0.10000E+01   0.20001E+00   0.21070E-04
