 ### omegam = 0.30; h = 0.70; omega_radiaton = 0.00008517
  0.0000000E+00   1.000000      -1.099744    
  3.9795857E-02  0.9983395     -0.9845502    
  8.1175424E-02   1.001263     -0.8650717    
  0.1242017       1.008937     -0.7434326    
  0.1689403       1.021513     -0.6219156    
  0.2154593       1.039121     -0.5027944    
  0.2638295       1.061871     -0.3881665    
  0.3141247       1.089857     -0.2798135    
  0.3664214       1.123156     -0.1791057    
  0.4207993       1.161839     -8.6961240E-02
  0.4773413       1.205973     -3.8547097E-03
  0.5361333       1.255625      7.0134692E-02
  0.5972651       1.310874      0.1352506    
  0.6608296       1.371808      0.1919772    
  0.7269237       1.438535      0.2409592    
  0.7956482       1.511184      0.2829313    
  0.8671075       1.589907      0.3186615    
  0.9414107       1.674881      0.3489085    
   1.018671       1.766313      0.3743933    
   1.099005       1.864436      0.3957802    
   1.182537       1.969516      0.4136686    
   1.269393       2.081846      0.4285893    
   1.359706       2.201755      0.4410060    
   1.453612       2.329600      0.4513192    
   1.551256       2.465774      0.4598719    
   1.652785       2.610701      0.4669558    
   1.758355       2.764843      0.4728169    
   1.868126       2.928696      0.4776626    
   1.982266       3.102793      0.4816662    
   2.100947       3.287707      0.4849726    
   2.224352       3.484051      0.4877025    
   2.352668       3.692478      0.4899560    
   2.486090       3.913687      0.4918163    
   2.624822       4.148422      0.4933523    
   2.769075       4.397476      0.4946209    
   2.919069       4.661692      0.4956693    
   3.075032       4.941967      0.4965363    
   3.237201       5.239255      0.4972540    
   3.405824       5.554569      0.4978489    
   3.581157       5.888983      0.4983429    
   3.763469       6.243641      0.4987539    
   3.953035       6.619756      0.4990968    
   4.150145       7.018613      0.4993838    
   4.355100       7.441578      0.4996251    
   4.568211       7.890102      0.4998288    
   4.789802       8.365720      0.5000019    
   5.020212       8.870065      0.5001500    
   5.259792       9.404864      0.5002777    
   5.508905       9.971956      0.5003890    
   5.767933       10.57328      0.5004869    
   6.037269       11.21091      0.5005740    
   6.317323       11.88704      0.5006526    
   6.608522       12.60397      0.5007244    
   6.911310       13.36418      0.5007910    
   7.226147       14.17028      0.5008535    
   7.553514       15.02503      0.5009129    
   7.893908       15.93139      0.5009702    
   8.247849       16.89245      0.5010260    
   8.615874       17.91153      0.5010810    
   8.998547       18.99212      0.5011356    
   9.396447       20.13795      0.5011904    
   9.810183       21.35296      0.5012455    
   10.24038       22.64132      0.5013015    
   10.68770       24.00747      0.5013585    
   11.15283       25.45612      0.5014168    
   11.63646       26.99223      0.5014766    
   12.13934       28.62111      0.5015382    
   12.66223       30.34836      0.5016017    
   13.20593       32.17992      0.5016673    
   13.77127       34.12212      0.5017350    
   14.35910       36.18163      0.5018052    
   14.97033       38.36555      0.5018779    
   15.60588       40.68141      0.5019532    
   16.26673       43.13719      0.5020314    
   16.95387       45.74136      0.5021126    
   17.66836       48.50290      0.5021968    
   18.41129       51.43134      0.5022842    
   19.18377       54.53677      0.5023750    
   19.98701       57.82992      0.5024694    
   20.82220       61.32215      0.5025674    
   21.69063       65.02553      0.5026692    
   22.59363       68.95284      0.5027750    
   23.53255       73.11765      0.5028849    
   24.50885       77.53436      0.5029991    
   25.52400       82.21824      0.5031179    
   26.57954       87.18548      0.5032412    
   27.67709       92.45328      0.5033693    
   28.81832       98.03985      0.5035025    
   30.00497       103.9646      0.5036409    
   31.23884       110.2479      0.5037848    
   32.52181       116.9117      0.5039343    
   33.85584       123.9790      0.5040896    
   35.24295       131.4743      0.5042509    
   36.68528       139.4236      0.5044187    
   38.18499       147.8546      0.5045929    
   39.74439       156.7965      0.5047739    
   41.36585       166.2803      0.5049620    
   43.05184       176.3392      0.5051575    
   44.80492       187.0079      0.5053605    
   46.62776       198.3238      0.5055715    
   48.52315       210.3261      0.5057907    
   50.49397       223.0567      0.5060183    
   52.54321       236.5601      0.5062548    
   54.67401       250.8833      0.5065005    
   56.88961       266.0763      0.5067557    
   59.19337       282.1922      0.5070208    
   61.58882       299.2874      0.5072961    
   64.07960       317.4217      0.5075821    
   66.66949       336.6586      0.5078790    
   69.36246       357.0656      0.5081875    
   72.16260       378.7142      0.5085077    
   75.07417       401.6804      0.5088403    
   78.10160       426.0451      0.5091857    
   81.24951       451.8938      0.5095443    
   84.52271       479.3176      0.5099165    
   87.92616       508.4132      0.5103030    
   91.46505       539.2833      0.5107043    
   95.14478       572.0368      0.5111208    
   98.97094       606.7897      0.5115531    
   102.9494       643.6650      0.5120018    
   107.0861       682.7935      0.5124676    
   111.3875       724.3140      0.5129508    
   115.8601       768.3741      0.5134524    
   120.5106       815.1307      0.5139728    
   125.3462       864.7502      0.5145127    
   130.3743       917.4101      0.5150728    
   135.6024       973.2983      0.5156539    
   141.0386       1032.615      0.5162566    
   146.6912       1095.573      0.5168817    
   152.5687       1162.399      0.5175300    
   158.6801       1233.332      0.5182022    
   165.0347       1308.629      0.5188992    
   171.6422       1388.561      0.5196218    
   178.5126       1473.418      0.5203708    
   185.6565       1563.507      0.5211472    
   193.0846       1659.156      0.5219519    
   200.8084       1760.712      0.5227856    
   208.8395       1868.547      0.5236495    
   217.1903       1983.053      0.5245444    
   225.8734       2104.652      0.5254714    
   234.9020       2233.790      0.5264315    
   244.2899       2370.941      0.5274257    
   254.0514       2516.612      0.5284550    
   264.2014       2671.343      0.5295206    
   274.7553       2835.707      0.5306234    
   285.7292       3010.316      0.5317646    
   297.1399       3195.822      0.5329455    
   309.0046       3392.918      0.5341669    
   321.3415       3602.344      0.5354303    
   334.1694       3824.889      0.5367367    
   347.5077       4061.392      0.5380873    
   361.3769       4312.750      0.5394833    
   375.7980       4579.918      0.5409260    
   390.7930       4863.916      0.5424165    
   406.3847       5165.829      0.5439561    
   422.5970       5486.818      0.5455461    
   439.4543       5828.119      0.5471875    
   456.9826       6191.054      0.5488818    
   475.2084       6577.031      0.5506301    
   494.1595       6987.556      0.5524337    
   513.8649       7424.236      0.5542938    
   534.3543       7888.787      0.5562115    
   555.6592       8383.043      0.5581881    
   577.8120       8908.963      0.5602249    
   600.8463       9468.642      0.5623229    
   624.7972       10064.32      0.5644832    
   649.7014       10698.38      0.5667070    
   675.5966       11373.39      0.5689953    
   702.5223       12092.09      0.5713493    
   730.5196       12857.40      0.5737697    
   759.6310       13672.45      0.5762577    
   789.9011       14540.61      0.5788141    
   821.3756       15465.45      0.5814397    
   854.1028       16450.83      0.5841353    
   888.1323       17500.85      0.5869016    
   923.5161       18619.93      0.5897392    
   960.3080       19812.79      0.5926487    
   998.5641       21084.49      0.5956306    
   1038.343       22440.46      0.5986851    
   1079.704       23886.51      0.6018127    
   1122.712       25428.89      0.6050135    
   1167.431       27074.29      0.6082875    
   1213.929       28829.87      0.6116347    
   1262.279       30703.34      0.6150550    
   1312.552       32702.97      0.6185482    
   1364.826       34837.63      0.6221137    
   1419.180       37116.85      0.6257511    
   1475.697       39550.84      0.6294597    
   1534.464       42150.61      0.6332389    
   1595.569       44927.96      0.6370874    
   1659.106       47895.56      0.6410044    
   1725.171       51067.06      0.6449887    
   1793.865       54457.09      0.6490387    
   1865.294       58081.43      0.6531531    
   1939.564       61957.00      0.6573301    
   2016.791       66102.02      0.6615680    
   2097.091       70536.11      0.6658648    
   2180.586       75280.33      0.6702184    
   2267.404       80357.38      0.6746266    
   2357.677       85791.69      0.6790869    
   2451.542       91609.53      0.6835968    
   2549.144       97839.22      0.6881538    
   2650.629       104511.2      0.6927549    
   2756.153       111658.3      0.6973974    
   2865.876       119315.9      0.7020781    
   2979.966       127522.0      0.7067939    
   3098.596       136317.7      0.7115417    
   3221.947       145747.2      0.7163180    
   3350.207       155858.0      0.7211196    
   3483.571       166701.5      0.7259428    
   3622.242       178333.1      0.7307841    
   3766.432       190812.4      0.7356400    
   3916.360       204203.7      0.7405068    
   4072.255       218576.3      0.7453808    
   4234.354       234005.1      0.7502583    
   4402.903       250570.6      0.7551357    
   4578.161       268359.9      0.7600091    
   4760.392       287466.8      0.7648749    
   4949.876       307992.5      0.7697294    
   5146.900       330046.1      0.7745690    
   5351.765       353745.6      0.7793901    
   5564.783       379218.1      0.7841891    
   5786.278       406600.7      0.7889626    
   6016.588       436041.5      0.7937071    
   6256.063       467700.4      0.7984194    
   6505.068       501749.8      0.8030962    
   6763.983       538375.8      0.8077344    
   7033.201       577779.6      0.8123310    
   7313.133       620178.0      0.8168831    
   7604.205       665805.4      0.8213879    
   7906.861       714914.6      0.8258429    
   8221.562       767778.7      0.8302453    
   8548.785       824692.7      0.8345930    
   8889.031       885974.9      0.8388837    
   9242.817       951969.2      0.8431152    
   9610.683       1023047.      0.8472857    
   9993.188       1099610.      0.8513934    
   10390.92       1182090.      0.8554365    
   10804.47       1270955.      0.8594137    
   11234.48       1366712.      0.8633235    
   11681.61       1469906.      0.8671648    
   12146.53       1581126.      0.8709365    
   12629.95       1701009.      0.8746375    
   13132.61       1830244.      0.8782674    
   13655.27       1969574.      0.8818253    
   14198.74       2119802.      0.8853107    
   14763.83       2281795.      0.8887233    
   15351.41       2456492.      0.8920628    
   15962.37       2644904.      0.8953290    
   16597.64       2848126.      0.8985220    
   17258.20       3067341.      0.9016418    
   17945.04       3303826.      0.9046887    
   18659.22       3558962.      0.9076629    
   19401.82       3834240.      0.9105647    
   20173.97       4131272.      0.9133947    
   20976.86       4451800.      0.9161536    
   21811.69       4797706.      0.9188417    
   22679.74       5171024.      0.9214600    
   23582.34       5573954.      0.9240090    
   24520.86       6008868.      0.9264898    
   25496.73       6478338.      0.9289032    
   26511.43       6985134.      0.9312502    
   27566.52       7532258.      0.9335316    
   28663.59       8122948.      0.9357486    
   29804.32       8760709.      0.9379023    
   30990.45       9449325.      0.9399937    
   32223.78      1.0192888E+07  0.9420241    
   33506.20      1.0995820E+07  0.9439944    
   34839.64      1.1862901E+07  0.9459060    
   36226.16      1.2799295E+07  0.9477600    
   37667.85      1.3810588E+07  0.9495577    
   39166.91      1.4902814E+07  0.9513002    
   40725.63      1.6082496E+07  0.9529888    
   42346.38      1.7356686E+07  0.9546248    
   44031.63      1.8733006E+07  0.9562093    
   45783.95      2.0219692E+07  0.9577437    
   47606.00      2.1825650E+07  0.9592291    
   49500.56      2.3560506E+07  0.9606667    
   51470.52      2.5434664E+07  0.9620579    
   53518.88      2.7459372E+07  0.9634038    
   55648.74      2.9646786E+07  0.9647055    
   57863.37      3.2010048E+07  0.9659644    
   60166.13      3.4563364E+07  0.9671815    
   62560.54      3.7322096E+07  0.9683581    
   65050.23      4.0302836E+07  0.9694952    
   67639.00      4.3523532E+07  0.9705940    
   70330.79      4.7003584E+07  0.9716557    
   73129.70      5.0763960E+07  0.9726812    
   76040.00      5.4827332E+07  0.9736717    
   79066.12      5.9218200E+07  0.9746283    
   82212.66      6.3963060E+07  0.9755518    
   85484.42      6.9090552E+07  0.9764435    
   88886.39      7.4631632E+07  0.9773041    
   92423.74      8.0619760E+07  0.9781348    
   96101.86      8.7091136E+07  0.9789364    
   99926.36      9.4084856E+07  0.9797098    
   103903.1      1.0164321E+08  0.9804560    
   108038.0      1.0981190E+08  0.9811758    
   112337.5      1.1864037E+08  0.9818702    
   116808.1      1.2818202E+08  0.9825398    
   121456.6      1.3849459E+08  0.9831856    
   126290.1      1.4964056E+08  0.9838083    
   131316.0      1.6168741E+08  0.9844087    
   136541.9      1.7470811E+08  0.9849875    
   141975.7      1.8878155E+08  0.9855455    
   147625.8      2.0399302E+08  0.9860833    
   153500.8      2.2043475E+08  0.9866016    
   159609.5      2.3820638E+08  0.9871012    
   165961.3      2.5741571E+08  0.9875826    
   172565.9      2.7817923E+08  0.9880465    
   179433.4      3.0062294E+08  0.9884934    
   186574.1      3.2488298E+08  0.9889241    
   193999.0      3.5110656E+08  0.9893389    
   201719.4      3.7945283E+08  0.9897386    
   209747.1      4.1009395E+08  0.9901236    
   218094.2      4.4321587E+08  0.9904944    
   226773.5      4.7901974E+08  0.9908515    
   235798.1      5.1772298E+08  0.9911955    
   245182.0      5.5956070E+08  0.9915268    
   254939.2      6.0478707E+08  0.9918458    
   265084.8      6.5367680E+08  0.9921530    
   275634.1      7.0652704E+08  0.9924487    
   286603.2      7.6365888E+08  0.9927335    
   298008.9      8.2541958E+08  0.9930078    
   309868.5      8.9218451E+08  0.9932718    
   322200.0      9.6435949E+08  0.9935260    
   335022.2      1.0423834E+09  0.9937707    
   348354.8      1.1267306E+09  0.9940062    
   362217.9      1.2179140E+09  0.9942330    
   376632.7      1.3164879E+09  0.9944512    
   391621.2      1.4230522E+09  0.9946613    
   407206.1      1.5382546E+09  0.9948636    
   423411.3      1.6627962E+09  0.9950582    
   440261.3      1.7974342E+09  0.9952455    
   457782.0      1.9429880E+09  0.9954258    
   475999.8      2.1003432E+09  0.9955994    
   494942.7      2.2704568E+09  0.9957663    
   514639.4      2.4543644E+09  0.9959271    
   535119.9      2.6531848E+09  0.9960817    
   556415.6      2.8681280E+09  0.9962305    
   578558.6      3.1005020E+09  0.9963738    
   601582.9      3.3517215E+09  0.9965116    
   625523.4      3.6233149E+09  0.9966442    
   650416.8      3.9169359E+09  0.9967718    
   676300.7      4.2343716E+09  0.9968946    
   703214.7      4.5775544E+09  0.9970127    
   731199.8      4.9485732E+09  0.9971264    
   760298.5      5.3496873E+09  0.9972358    
   790555.2      5.7833385E+09  0.9973410    
   822016.1      6.2521672E+09  0.9974422    
   854729.0      6.7590277E+09  0.9975397    
   888743.8      7.3070070E+09  0.9976334    
   924112.1      7.8994406E+09  0.9977236    
   960887.9      8.5399368E+09  0.9978103    
   999127.4      9.2323963E+09  0.9978938    
   1038888.      9.9810345E+09  0.9979740    
   1080232.      1.0790413E+10  0.9980513    
   1123221.      1.1665459E+10  0.9981256    
   1167920.      1.2611503E+10  0.9981971    
   1214399.      1.3634306E+10  0.9982658    
   1262727.      1.4740098E+10  0.9983320    
   1312978.      1.5935615E+10  0.9983956    
   1365229.      1.7228136E+10  0.9984568    
   1419560.      1.8625538E+10  0.9985157    
   1476052.      2.0136329E+10  0.9985723    
   1534793.      2.1769716E+10  0.9986268    
   1595872.      2.3535645E+10  0.9986793    
   1659381.      2.5444874E+10  0.9987297    
   1725418.      2.7509035E+10  0.9987782    
   1794082.      2.9740702E+10  0.9988248    
   1865479.      3.2153469E+10  0.9988697    
   1939717.      3.4762039E+10  0.9989129    
   2016910.      3.7582295E+10  0.9989544    
   2097175.      4.0631431E+10  0.9989944    
   2180634.      4.3928011E+10  0.9990327    
   2267414.      4.7492129E+10  0.9990697    
   2357648.      5.1345494E+10  0.9991052    
   2451472.      5.5511585E+10  0.9991394    
   2549031.      6.0015784E+10  0.9991723    
   2650472.      6.4885535E+10  0.9992039    
   2755950.      7.0150513E+10  0.9992344    
   2865625.      7.5842781E+10  0.9992636    
   2979665.      8.1997046E+10  0.9992918    
   3098244.      8.8650785E+10  0.9993188    
   3221541.      9.5844549E+10  0.9993449    
   3349745.      1.0362217E+11  0.9993699    
   3483051.      1.1203105E+11  0.9993940    
   3621662.      1.2112241E+11  0.9994172    
   3765789.      1.3095165E+11  0.9994394    
   3915652.      1.4157867E+11  0.9994609    
   4071478.      1.5306822E+11  0.9994815    
   4233506.      1.6549031E+11  0.9995013    
   4401982.      1.7892064E+11  0.9995204    
   4577164.      1.9344105E+11  0.9995387    
   4759316.      2.0914002E+11  0.9995564    
   4948716.      2.2611321E+11  0.9995733    
   5145655.      2.4446406E+11  0.9995896    
   5350431.      2.6430438E+11  0.9996054    
   5563356.      2.8575508E+11  0.9996204    
   5784754.      3.0894686E+11  0.9996349    
   6014964.      3.3402110E+11  0.9996489    
   6254334.      3.6113056E+11  0.9996623    
   6503231.      3.9044045E+11  0.9996753    
   6762033.      4.2212937E+11  0.9996877    
   7031134.      4.5639044E+11  0.9996996    
   7310944.      4.9343244E+11  0.9997111    
   7601889.      5.3348113E+11  0.9997222    
   7904413.      5.7678057E+11  0.9997328    
   8218976.      6.2359457E+11  0.9997430    
   8546057.      6.7420848E+11  0.9997528    
   8886155.      7.2893078E+11  0.9997623    
   9239787.      7.8809484E+11  0.9997714    
   9607492.      8.5206132E+11  0.9997801    
   9989831.      9.2122002E+11  0.9997885    
  1.0387384E+07  9.9599240E+11  0.9997966    
  1.0800759E+07  1.0768341E+12  0.9998044    
  1.1230585E+07  1.1642379E+12  0.9998119    
  1.1677516E+07  1.2587363E+12  0.9998191    
  1.2142232E+07  1.3609054E+12  0.9998260    
  1.2625443E+07  1.4713676E+12  0.9998327    
  1.3127883E+07  1.5907964E+12  0.9998391    
  1.3650319E+07  1.7199193E+12  0.9998452    
  1.4193545E+07  1.8595234E+12  0.9998512    
  1.4758389E+07  2.0104597E+12  0.9998568    
  1.5345712E+07  2.1736476E+12  0.9998623    
  1.5956408E+07  2.3500822E+12  0.9998676    
  1.6591407E+07  2.5408381E+12  0.9998727    
  1.7251676E+07  2.7470783E+12  0.9998775    
  1.7938222E+07  2.9700595E+12  0.9998822    
  1.8652088E+07  3.2111411E+12  0.9998868    
  1.9394364E+07  3.4717916E+12  0.9998910    
  2.0166180E+07  3.7536001E+12  0.9998952    
  2.0968710E+07  4.0582840E+12  0.9998992    
  2.1803178E+07  4.3876999E+12  0.9999031    
  2.2670854E+07  4.7438559E+12  0.9999068    
  2.3573060E+07  5.1289218E+12  0.9999104    
  2.4511170E+07  5.5452453E+12  0.9999138    
  2.5486614E+07  5.9953633E+12  0.9999171    
  2.6500876E+07  6.4820190E+12  0.9999202    
  2.7555500E+07  7.0081781E+12  0.9999233    
  2.8652094E+07  7.5770479E+12  0.9999263    
  2.9792330E+07  8.1920949E+12  0.9999291    
  3.0977940E+07  8.8570677E+12  0.9999318    
  3.2210734E+07  9.5760186E+12  0.9999344    
  3.3492588E+07  1.0353330E+13  0.9999369    
  3.4825456E+07  1.1193739E+13  0.9999393    
  3.6211364E+07  1.2102367E+13  0.9999416    
  3.7652428E+07  1.3084753E+13  0.9999439    
  3.9150836E+07  1.4146883E+13  0.9999460    
  4.0708876E+07  1.5295230E+13  0.9999481    
  4.2328924E+07  1.6536794E+13  0.9999501    
  4.4013440E+07  1.7879141E+13  0.9999520    
  4.5764992E+07  1.9330452E+13  0.9999538    
  4.7586248E+07  2.0899573E+13  0.9999556    
  4.9479984E+07  2.2596066E+13  0.9999573    
  5.1449080E+07  2.4430273E+13  0.9999589    
  5.3496544E+07  2.6413369E+13  0.9999605    
  5.5625484E+07  2.8557443E+13  0.9999620    
  5.7839148E+07  3.0875559E+13  0.9999635    
  6.0140904E+07  3.3381849E+13  0.9999649    
  6.2534264E+07  3.6091587E+13  0.9999662    
  6.5022868E+07  3.9021288E+13  0.9999675    
  6.7610512E+07  4.2188805E+13  0.9999688    
  7.0301128E+07  4.5613442E+13  0.9999700    
  7.3098824E+07  4.9316077E+13  0.9999711    
  7.6007848E+07  5.3319272E+13  0.9999722    
  7.9032648E+07  5.7647424E+13  0.9999732    
  8.2177824E+07  6.2326913E+13  0.9999743    
  8.5448160E+07  6.7386263E+13  0.9999753    
  8.8848640E+07  7.2856302E+13  0.9999762    
  9.2384448E+07  7.8770371E+13  0.9999771    
  9.6060968E+07  8.5164512E+13  0.9999780    
  9.9883800E+07  9.2077707E+13  0.9999788    
  1.0385876E+08  9.9552065E+13  0.9999797    
  1.0799190E+08  1.0763316E+14  0.9999804    
  1.1228954E+08  1.1637024E+14  0.9999812    
  1.1675819E+08  1.2581656E+14  0.9999819    
  1.2140469E+08  1.3602968E+14  0.9999826    
  1.2623609E+08  1.4707184E+14  0.9999833    
  1.3125977E+08  1.5901036E+14  0.9999839    
  1.3648336E+08  1.7191799E+14  0.9999845    
  1.4191483E+08  1.8587340E+14  0.9999851    
  1.4756245E+08  2.0096164E+14  0.9999857    
  1.5343483E+08  2.1727466E+14  0.9999862    
  1.5954090E+08  2.3491191E+14  0.9999868    
  1.6588997E+08  2.5398084E+14  0.9999872    
  1.7249170E+08  2.7459771E+14  0.9999877    
  1.7935616E+08  2.9688817E+14  0.9999882    
  1.8649379E+08  3.2098804E+14  0.9999887    
  1.9391547E+08  3.4704423E+14  0.9999891    
  2.0163250E+08  3.7521552E+14  0.9999895    
  2.0965664E+08  4.0567365E+14  0.9999899    
  2.1800010E+08  4.3860421E+14  0.9999903    
  2.2667560E+08  4.7420794E+14  0.9999907    
  2.3569635E+08  5.1270179E+14  0.9999911    
  2.4507610E+08  5.5432036E+14  0.9999914    
  2.5482910E+08  5.9931739E+14  0.9999917    
  2.6497024E+08  6.4796702E+14  0.9999920    
  2.7551498E+08  7.0056581E+14  0.9999923    
  2.8647933E+08  7.5743426E+14  0.9999926    
  2.9788000E+08  8.1891907E+14  0.9999929    
  3.0973440E+08  8.8539496E+14  0.9999932    
  3.2206054E+08  9.5726701E+14  0.9999934    
  3.3487722E+08  1.0349733E+15  0.9999937    
  3.4820394E+08  1.1189874E+15  0.9999939    
  3.6206102E+08  1.2098214E+15  0.9999942    
  3.7646954E+08  1.3080289E+15  0.9999944    
  3.9145149E+08  1.4142084E+15  0.9999946    
  4.0702963E+08  1.5290071E+15  0.9999948    
  4.2322771E+08  1.6531246E+15  0.9999950    
  4.4007043E+08  1.7873174E+15  0.9999952    
  4.5758342E+08  1.9324032E+15  0.9999954    
  4.7579334E+08  2.0892664E+15  0.9999955    
  4.9472794E+08  2.2588632E+15  0.9999957    
  5.1441606E+08  2.4422169E+15   1.000021    
  5.3488768E+08  2.6404648E+15   1.000020    
  5.5617402E+08  2.8548057E+15   1.000019    
  5.7830739E+08  3.0865458E+15   1.000018    
  6.0132166E+08  3.3370975E+15   1.000018    
  6.2525178E+08  3.6079878E+15   1.000017    
  6.5013421E+08  3.9008678E+15   1.000016    
  6.7600685E+08  4.2175223E+15   1.000016    
  7.0290912E+08  4.5598814E+15   1.000015    
  7.3088198E+08  4.9300319E+15   1.000014    
  7.5996806E+08  5.3302294E+15   1.000014    
  7.9021165E+08  5.7629130E+15   1.000013    
  8.2165882E+08  6.2307198E+15   1.000013    
  8.5435744E+08  6.7365010E+15   1.000012    
  8.8835731E+08  7.2833395E+15   1.000012    
  9.2371027E+08  7.8745675E+15   1.000011    
  9.6047008E+08  8.5137891E+15   1.000011    
  9.9869280E+08  9.2048998E+15   1.000011    
  1.0384367E+09  9.9521114E+15   1.000010    
