 ### omegam = 0.35; h = 0.70; omega_radiaton = 0.00008517
  0.0000000E+00   1.000000     -0.4748296    
  3.9795857E-02   1.021511     -0.4341988    
  8.1175424E-02   1.045166     -0.3923832    
  0.1242017       1.071135     -0.3496279    
  0.1689403       1.099598     -0.3062024    
  0.2154593       1.130742     -0.2623935    
  0.2638295       1.164760     -0.2184988    
  0.3141247       1.201855     -0.1748180    
  0.3664214       1.242236     -0.1316450    
  0.4207993       1.286121     -8.9260064E-02
  0.4773413       1.333733     -4.7922920E-02
  0.5361333       1.385308     -7.8665800E-03
  0.5972651       1.441087      3.0707004E-02
  0.6608296       1.501322      6.7630008E-02
  0.7269237       1.566277      0.1027702    
  0.7956482       1.636225      0.1360309    
  0.8671075       1.711452      0.1673498    
  0.9414107       1.792258      0.1966967    
   1.018671       1.878957      0.2240702    
   1.099005       1.971881      0.2494942    
   1.182537       2.071378      0.2730143    
   1.269393       2.177813      0.2946934    
   1.359706       2.291577      0.3146083    
   1.453612       2.413078      0.3328460    
   1.551256       2.542751      0.3495003    
   1.652785       2.681056      0.3646696    
   1.758355       2.828480      0.3784537    
   1.868126       2.985540      0.3909524    
   1.982266       3.152785      0.4022637    
   2.100947       3.330796      0.4124827    
   2.224352       3.520192      0.4217004    
   2.352668       3.721629      0.4300033    
   2.486090       3.935803      0.4374727    
   2.624822       4.163453      0.4441848    
   2.769075       4.405364      0.4502104    
   2.919069       4.662370      0.4556151    
   3.075032       4.935355      0.4604590    
   3.237201       5.225259      0.4647975    
   3.405824       5.533079      0.4686812    
   3.581157       5.859872      0.4721559    
   3.763469       6.206763      0.4752635    
   3.953035       6.574944      0.4780420    
   4.150145       6.965680      0.4805256    
   4.355100       7.380312      0.4827452    
   4.568211       7.820266      0.4847288    
   4.789802       8.287053      0.4865015    
   5.020212       8.782278      0.4880857    
   5.259792       9.307640      0.4895018    
   5.508905       9.864946      0.4907680    
   5.767933       10.45611      0.4919005    
   6.037269       11.08316      0.4929140    
   6.317323       11.74826      0.4938214    
   6.608522       12.45369      0.4946345    
   6.911310       13.20187      0.4953638    
   7.226147       13.99538      0.4960185    
   7.553514       14.83694      0.4966070    
   7.893908       15.72945      0.4971368    
   8.247849       16.67598      0.4976145    
   8.615874       17.67978      0.4980460    
   8.998547       18.74430      0.4984367    
   9.396447       19.87320      0.4987914    
   9.810183       21.07037      0.4991141    
   10.24038       22.33993      0.4994088    
   10.68770       23.68625      0.4996789    
   11.15283       25.11395      0.4999272    
   11.63646       26.62796      0.5001566    
   12.13934       28.23349      0.5003694    
   12.66223       29.93606      0.5005679    
   13.20593       31.74154      0.5007539    
   13.77127       33.65615      0.5009292    
   14.35910       35.68648      0.5010955    
   14.97033       37.83953      0.5012540    
   15.60588       40.12272      0.5014061    
   16.26673       42.54393      0.5015528    
   16.95387       45.11150      0.5016953    
   17.66836       47.83429      0.5018346    
   18.41129       50.72169      0.5019713    
   19.18377       53.78366      0.5021064    
   19.98701       57.03078      0.5022404    
   20.82220       60.47426      0.5023742    
   21.69063       64.12598      0.5025083    
   22.59363       67.99858      0.5026432    
   23.53255       72.10542      0.5027795    
   24.50885       76.46071      0.5029176    
   25.52400       81.07950      0.5030581    
   26.57954       85.97778      0.5032013    
   27.67709       91.17249      0.5033476    
   28.81832       96.68163      0.5034975    
   30.00497       102.5243      0.5036514    
   31.23884       108.7206      0.5038095    
   32.52181       115.2922      0.5039724    
   33.85584       122.2618      0.5041401    
   35.24295       129.6536      0.5043132    
   36.68528       137.4933      0.5044921    
   38.18499       145.8080      0.5046769    
   39.74439       154.6266      0.5048681    
   41.36585       163.9799      0.5050660    
   43.05184       173.9003      0.5052710    
   44.80492       184.4223      0.5054833    
   46.62776       195.5827      0.5057033    
   48.52315       207.4202      0.5059314    
   50.49397       219.9762      0.5061679    
   52.54321       233.2945      0.5064132    
   54.67401       247.4215      0.5066677    
   56.88961       262.4066      0.5069318    
   59.19337       278.3022      0.5072058    
   61.58882       295.1640      0.5074902    
   64.07960       313.0508      0.5077853    
   66.66949       332.0256      0.5080916    
   69.36246       352.1547      0.5084096    
   72.16260       373.5089      0.5087395    
   75.07417       396.1631      0.5090821    
   78.10160       420.1971      0.5094376    
   81.24951       445.6955      0.5098066    
   84.52271       472.7481      0.5101897    
   87.92616       501.4504      0.5105873    
   91.46505       531.9037      0.5109999    
   95.14478       564.2157      0.5114282    
   98.97094       598.5008      0.5118726    
   102.9494       634.8804      0.5123339    
   107.0861       673.4838      0.5128125    
   111.3875       714.4479      0.5133091    
   115.8601       757.9187      0.5138244    
   120.5106       804.0509      0.5143590    
   125.3462       853.0092      0.5149136    
   130.3743       904.9684      0.5154889    
   135.6024       960.1146      0.5160857    
   141.0386       1018.645      0.5167046    
   146.6912       1080.771      0.5173464    
   152.5687       1146.715      0.5180120    
   158.6801       1216.714      0.5187021    
   165.0347       1291.022      0.5194176    
   171.6422       1369.907      0.5201592    
   178.5126       1453.655      0.5209280    
   185.6565       1542.570      0.5217248    
   193.0846       1636.976      0.5225503    
   200.8084       1737.216      0.5234058    
   208.8395       1843.656      0.5242921    
   217.1903       1956.688      0.5252101    
   225.8734       2076.725      0.5261609    
   234.9020       2204.209      0.5271455    
   244.2899       2339.610      0.5281650    
   254.0514       2483.430      0.5292203    
   264.2014       2636.201      0.5303127    
   274.7553       2798.491      0.5314432    
   285.7292       2970.905      0.5326129    
   297.1399       3154.088      0.5338230    
   309.0046       3348.727      0.5350746    
   321.3415       3555.553      0.5363689    
   334.1694       3775.348      0.5377071    
   347.5077       4008.942      0.5390904    
   361.3769       4257.224      0.5405200    
   375.7980       4521.138      0.5419970    
   390.7930       4801.695      0.5435229    
   406.3847       5099.969      0.5450987    
   422.5970       5417.111      0.5467257    
   439.4543       5754.346      0.5484052    
   456.9826       6112.981      0.5501384    
   475.2084       6494.415      0.5519264    
   494.1595       6900.137      0.5537707    
   513.8649       7331.742      0.5556722    
   534.3543       7790.931      0.5576324    
   555.6592       8279.522      0.5596523    
   577.8120       8799.459      0.5617331    
   600.8463       9352.816      0.5638760    
   624.7972       9941.815      0.5660821    
   649.7014       10568.83      0.5683523    
   675.5966       11236.40      0.5706879    
   702.5223       11947.24      0.5730898    
   730.5196       12704.26      0.5755589    
   759.6310       13510.56      0.5780962    
   789.9011       14369.48      0.5807025    
   821.3756       15284.58      0.5833785    
   854.1028       16259.68      0.5861251    
   888.1323       17298.86      0.5889428    
   923.5161       18406.51      0.5918323    
   960.3080       19587.32      0.5947940    
   998.5641       20846.31      0.5978283    
   1038.343       22188.89      0.6009355    
   1079.704       23620.83      0.6041159    
   1122.712       25148.34      0.6073695    
   1167.431       26778.07      0.6106964    
   1213.929       28517.16      0.6140965    
   1262.279       30373.26      0.6175693    
   1312.552       32354.60      0.6211148    
   1364.826       34470.01      0.6247323    
   1419.180       36728.96      0.6284212    
   1475.697       39141.64      0.6321808    
   1534.464       41718.98      0.6360101    
   1595.569       44472.74      0.6399082    
   1659.106       47415.54      0.6438739    
   1725.171       50560.96      0.6479058    
   1793.865       53923.58      0.6520024    
   1865.294       57519.11      0.6561622    
   1939.564       61364.42      0.6603833    
   2016.791       65477.66      0.6646640    
   2097.091       69878.36      0.6690020    
   2180.586       74587.53      0.6733952    
   2267.404       79627.79      0.6778413    
   2357.677       85023.48      0.6823377    
   2451.542       90800.81      0.6868818    
   2549.144       96987.99      0.6914710    
   2650.629       103615.4      0.6961023    
   2756.153       110715.8      0.7007726    
   2865.876       118324.4      0.7054790    
   2979.966       126479.1      0.7102182    
   3098.596       135221.0      0.7149870    
   3221.947       144594.1      0.7197818    
   3350.207       154645.9      0.7245994    
   3483.571       165427.6      0.7294360    
   3622.242       176994.5      0.7342882    
   3766.432       189406.0      0.7391524    
   3916.360       202726.4      0.7440248    
   4072.255       217024.9      0.7489017    
   4234.354       232376.1      0.7537794    
   4402.903       248860.5      0.7586543    
   4578.161       266564.9      0.7635226    
   4760.392       285583.1      0.7683806    
   4949.876       306016.1      0.7732248    
   5146.900       327972.9      0.7780513    
   5351.765       351571.2      0.7828568    
   5564.783       376937.9      0.7876378    
   5786.278       404210.1      0.7923907    
   6016.588       433535.7      0.7971123    
   6256.063       465074.1      0.8017992    
   6505.068       498997.8      0.8064485    
   6763.983       535492.8      0.8110570    
   7033.201       574759.7      0.8156217    
   7313.133       617015.4      0.8201399    
   7604.205       662493.8      0.8246090    
   7906.861       711447.6      0.8290263    
   8221.562       764149.8      0.8333895    
   8548.785       820894.8      0.8376962    
   8889.031       882000.9      0.8419444    
   9242.817       947811.6      0.8461320    
   9610.683       1018698.      0.8502573    
   9993.188       1095061.      0.8543186    
   10390.92       1177333.      0.8583143    
   10804.47       1265982.      0.8622429    
   11234.48       1361513.      0.8661034    
   11681.61       1464472.      0.8698945    
   12146.53       1575447.      0.8736153    
   12629.95       1695075.      0.8772650    
   13132.61       1824044.      0.8808430    
   13655.27       1963098.      0.8843486    
   14198.74       2113038.      0.8877815    
   14763.83       2274731.      0.8911414    
   15351.41       2449115.      0.8944280    
   15962.37       2637202.      0.8976413    
   16597.64       2840086.      0.9007815    
   17258.20       3058949.      0.9038486    
   17945.04       3295068.      0.9068429    
   18659.22       3549822.      0.9097649    
   19401.82       3824702.      0.9126149    
   20173.97       4121321.      0.9153934    
   20976.86       4441418.      0.9181011    
   21811.69       4786878.      0.9207388    
   22679.74       5159730.      0.9233070    
   23582.34       5562175.      0.9258067    
   24520.86       5996586.      0.9282387    
   25496.73       6465530.      0.9306040    
   26511.43       6971782.      0.9329036    
   27566.52       7518338.      0.9351384    
   28663.59       8108438.      0.9373096    
   29804.32       8745584.      0.9394183    
   30990.45       9433562.      0.9414654    
   32223.78      1.0176460E+07  0.9434524    
   33506.20      1.0978701E+07  0.9453802    
   34839.64      1.1845062E+07  0.9472501    
   36226.16      1.2780709E+07  0.9490633    
   37667.85      1.3791223E+07  0.9508210    
   39166.91      1.4882640E+07  0.9525245    
   40725.63      1.6061481E+07  0.9541750    
   42346.38      1.7334796E+07  0.9557737    
   44031.63      1.8710204E+07  0.9573219    
   45783.95      2.0195944E+07  0.9588208    
   47606.00      2.1800918E+07  0.9602716    
   49500.56      2.3534750E+07  0.9616756    
   51470.52      2.5407842E+07  0.9630339    
   53518.88      2.7431442E+07  0.9643478    
   55648.74      2.9617706E+07  0.9656185    
   57863.37      3.1979770E+07  0.9668471    
   60166.13      3.4531844E+07  0.9680349    
   62560.54      3.7289276E+07  0.9691828    
   65050.23      4.0268668E+07  0.9702922    
   67639.00      4.3487964E+07  0.9713641    
   70330.79      4.6966560E+07  0.9723996    
   73129.70      5.0725424E+07  0.9733998    
   76040.00      5.4787220E+07  0.9743656    
   79066.12      5.9176452E+07  0.9752982    
   82212.66      6.3919608E+07  0.9761986    
   85484.42      6.9045328E+07  0.9770678    
   88886.39      7.4584560E+07  0.9779067    
   92423.74      8.0570784E+07  0.9787163    
   96101.86      8.7040160E+07  0.9794974    
   99926.36      9.4031808E+07  0.9802511    
   103903.1      1.0158801E+08  0.9809783    
   108038.0      1.0975447E+08  0.9816796    
   112337.5      1.1858060E+08  0.9823560    
   116808.1      1.2811983E+08  0.9830083    
   121456.6      1.3842990E+08  0.9836374    
   126290.1      1.4957325E+08  0.9842439    
   131316.0      1.6161738E+08  0.9848287    
   136541.9      1.7463523E+08  0.9853923    
   141975.7      1.8870574E+08  0.9859357    
   147625.8      2.0391416E+08  0.9864594    
   153500.8      2.2035269E+08  0.9869641    
   159609.5      2.3812102E+08  0.9874505    
   165961.3      2.5732691E+08  0.9879192    
   172565.9      2.7808688E+08  0.9883708    
   179433.4      3.0052685E+08  0.9888059    
   186574.1      3.2478301E+08  0.9892251    
   193999.0      3.5100256E+08  0.9896290    
   201719.4      3.7934467E+08  0.9900180    
   209747.1      4.0998141E+08  0.9903926    
   218094.2      4.4309882E+08  0.9907535    
   226773.5      4.7889798E+08  0.9911011    
   235798.1      5.1759635E+08  0.9914359    
   245182.0      5.5942899E+08  0.9917583    
   254939.2      6.0465005E+08  0.9920687    
   265084.8      6.5353434E+08  0.9923676    
   275634.1      7.0637882E+08  0.9926555    
   286603.2      7.6350470E+08  0.9929326    
   298008.9      8.2525920E+08  0.9931993    
   309868.5      8.9201773E+08  0.9934562    
   322200.0      9.6418605E+08  0.9937035    
   335022.2      1.0422030E+09  0.9939416    
   348354.8      1.1265430E+09  0.9941708    
   362217.9      1.2177189E+09  0.9943914    
   376632.7      1.3162851E+09  0.9946037    
   391621.2      1.4228411E+09  0.9948081    
   407206.1      1.5380351E+09  0.9950048    
   423411.3      1.6625678E+09  0.9951941    
   440261.3      1.7971968E+09  0.9953764    
   457782.0      1.9427411E+09  0.9955518    
   475999.8      2.1000864E+09  0.9957206    
   494942.7      2.2701898E+09  0.9958830    
   514639.4      2.4540867E+09  0.9960393    
   535119.9      2.6528960E+09  0.9961898    
   556415.6      2.8678277E+09  0.9963345    
   578558.6      3.1001897E+09  0.9964738    
   601582.9      3.3513966E+09  0.9966078    
   625523.4      3.6229773E+09  0.9967368    
   650416.8      3.9165847E+09  0.9968609    
   676300.7      4.2340063E+09  0.9969804    
   703214.7      4.5771745E+09  0.9970952    
   731199.8      4.9481784E+09  0.9972058    
   760298.5      5.3492767E+09  0.9973122    
   790555.2      5.7829115E+09  0.9974145    
   822016.1      6.2517233E+09  0.9975130    
   854729.0      6.7585659E+09  0.9976077    
   888743.8      7.3065262E+09  0.9976988    
   924112.1      7.8989409E+09  0.9977865    
   960887.9      8.5394176E+09  0.9978709    
   999127.4      9.2318556E+09  0.9979520    
   1038888.      9.9804733E+09  0.9980301    
   1080232.      1.0789829E+10  0.9981052    
   1123221.      1.1664852E+10  0.9981775    
   1167920.      1.2610871E+10  0.9982470    
   1214399.      1.3633650E+10  0.9983138    
   1262727.      1.4739415E+10  0.9983782    
   1312978.      1.5934904E+10  0.9984400    
   1365229.      1.7227399E+10  0.9984996    
   1419560.      1.8624770E+10  0.9985569    
   1476052.      2.0135530E+10  0.9986119    
   1534793.      2.1768884E+10  0.9986649    
   1595872.      2.3534780E+10  0.9987159    
   1659381.      2.5443977E+10  0.9987649    
   1725418.      2.7508101E+10  0.9988120    
   1794082.      2.9739731E+10  0.9988574    
   1865479.      3.2152459E+10  0.9989011    
   1939717.      3.4760987E+10  0.9989430    
   2016910.      3.7581206E+10  0.9989834    
   2097175.      4.0630292E+10  0.9990222    
   2180634.      4.3926831E+10  0.9990596    
   2267414.      4.7490900E+10  0.9990955    
   2357648.      5.1344220E+10  0.9991301    
   2451472.      5.5510258E+10  0.9991633    
   2549031.      6.0014404E+10  0.9991953    
   2650472.      6.4884101E+10  0.9992260    
   2755950.      7.0149022E+10  0.9992556    
   2865625.      7.5841233E+10  0.9992840    
   2979665.      8.1995432E+10  0.9993114    
   3098244.      8.8649105E+10  0.9993377    
   3221541.      9.5842812E+10  0.9993631    
   3349745.      1.0362036E+11  0.9993874    
   3483051.      1.1202916E+11  0.9994108    
   3621662.      1.2112045E+11  0.9994333    
   3765789.      1.3094961E+11  0.9994550    
   3915652.      1.4157655E+11  0.9994758    
   4071478.      1.5306601E+11  0.9994959    
   4233506.      1.6548802E+11  0.9995152    
   4401982.      1.7891826E+11  0.9995337    
   4577164.      1.9343856E+11  0.9995515    
   4759316.      2.0913743E+11  0.9995687    
   4948716.      2.2611052E+11  0.9995852    
   5145655.      2.4446126E+11  0.9996010    
   5350431.      2.6430148E+11  0.9996163    
   5563356.      2.8575207E+11  0.9996310    
   5784754.      3.0894375E+11  0.9996451    
   6014964.      3.3401786E+11  0.9996586    
   6254334.      3.6112718E+11  0.9996717    
   6503231.      3.9043691E+11  0.9996843    
   6762033.      4.2212570E+11  0.9996963    
   7031134.      4.5638661E+11  0.9997079    
   7310944.      4.9342847E+11  0.9997191    
   7601889.      5.3347703E+11  0.9997299    
   7904413.      5.7677631E+11  0.9997402    
   8218976.      6.2359011E+11  0.9997501    
   8546057.      6.7420389E+11  0.9997597    
   8886155.      7.2892600E+11  0.9997689    
   9239787.      7.8808986E+11  0.9997777    
   9607492.      8.5205615E+11  0.9997863    
   9989831.      9.2121465E+11  0.9997944    
  1.0387384E+07  9.9598677E+11  0.9998023    
  1.0800759E+07  1.0768283E+12  0.9998099    
  1.1230585E+07  1.1642318E+12  0.9998171    
  1.1677516E+07  1.2587300E+12  0.9998241    
  1.2142232E+07  1.3608988E+12  0.9998308    
  1.2625443E+07  1.4713608E+12  0.9998373    
  1.3127883E+07  1.5907893E+12  0.9998435    
  1.3650319E+07  1.7199120E+12  0.9998496    
  1.4193545E+07  1.8595158E+12  0.9998553    
  1.4758389E+07  2.0104517E+12  0.9998608    
  1.5345712E+07  2.1736393E+12  0.9998661    
  1.5956408E+07  2.3500735E+12  0.9998713    
  1.6591407E+07  2.5408291E+12  0.9998762    
  1.7251676E+07  2.7470688E+12  0.9998809    
  1.7938222E+07  2.9700498E+12  0.9998855    
  1.8652088E+07  3.2111308E+12  0.9998899    
  1.9394364E+07  3.4717811E+12  0.9998941    
  2.0166180E+07  3.7535893E+12  0.9998981    
  2.0968710E+07  4.0582725E+12  0.9999020    
  2.1803178E+07  4.3876882E+12  0.9999058    
  2.2670854E+07  4.7438433E+12  0.9999094    
  2.3573060E+07  5.1289092E+12  0.9999129    
  2.4511170E+07  5.5452322E+12  0.9999162    
  2.5486614E+07  5.9953497E+12  0.9999194    
  2.6500876E+07  6.4820043E+12  0.9999225    
  2.7555500E+07  7.0081629E+12  0.9999254    
  2.8652094E+07  7.5770322E+12  0.9999283    
  2.9792330E+07  8.1920786E+12  0.9999310    
  3.0977940E+07  8.8570509E+12  0.9999337    
  3.2210734E+07  9.5760008E+12  0.9999362    
  3.3492588E+07  1.0353312E+13  0.9999387    
  3.4825456E+07  1.1193720E+13  0.9999410    
  3.6211364E+07  1.2102348E+13  0.9999433    
  3.7652428E+07  1.3084732E+13  0.9999455    
  3.9150836E+07  1.4146862E+13  0.9999475    
  4.0708876E+07  1.5295208E+13  0.9999495    
  4.2328924E+07  1.6536771E+13  0.9999515    
  4.4013440E+07  1.7879118E+13  0.9999533    
  4.5764992E+07  1.9330427E+13  0.9999551    
  4.7586248E+07  2.0899548E+13  0.9999568    
  4.9479984E+07  2.2596041E+13  0.9999585    
  5.1449080E+07  2.4430244E+13  0.9999601    
  5.3496544E+07  2.6413340E+13  0.9999616    
  5.5625484E+07  2.8557412E+13  0.9999630    
  5.7839148E+07  3.0875528E+13  0.9999645    
  6.0140904E+07  3.3381818E+13  0.9999658    
  6.2534264E+07  3.6091554E+13  0.9999672    
  6.5022868E+07  3.9021250E+13  0.9999684    
  6.7610512E+07  4.2188767E+13  0.9999696    
  7.0301128E+07  4.5613404E+13  0.9999708    
  7.3098824E+07  4.9316035E+13  0.9999719    
  7.6007848E+07  5.3319230E+13  0.9999730    
  7.9032648E+07  5.7647382E+13  0.9999740    
  8.2177824E+07  6.2326871E+13  0.9999750    
  8.5448160E+07  6.7386217E+13  0.9999760    
  8.8848640E+07  7.2856252E+13  0.9999769    
  9.2384448E+07  7.8770321E+13  0.9999778    
  9.6060968E+07  8.5164462E+13  0.9999786    
  9.9883800E+07  9.2077648E+13  0.9999794    
  1.0385876E+08  9.9552015E+13  0.9999802    
  1.0799190E+08  1.0763311E+14  0.9999810    
  1.1228954E+08  1.1637018E+14  0.9999817    
  1.1675819E+08  1.2581650E+14  0.9999824    
  1.2140469E+08  1.3602962E+14  0.9999831    
  1.2623609E+08  1.4707178E+14  0.9999837    
  1.3125977E+08  1.5901029E+14  0.9999843    
  1.3648336E+08  1.7191793E+14  0.9999849    
  1.4191483E+08  1.8587332E+14  0.9999855    
  1.4756245E+08  2.0096155E+14  0.9999861    
  1.5343483E+08  2.1727458E+14  0.9999866    
  1.5954090E+08  2.3491181E+14  0.9999871    
  1.6588997E+08  2.5398076E+14  0.9999876    
  1.7249170E+08  2.7459763E+14  0.9999881    
  1.7935616E+08  2.9688807E+14  0.9999886    
  1.8649379E+08  3.2098794E+14  0.9999890    
  1.9391547E+08  3.4704413E+14  0.9999894    
  2.0163250E+08  3.7521542E+14  0.9999898    
  2.0965664E+08  4.0567355E+14  0.9999902    
  2.1800010E+08  4.3860411E+14  0.9999906    
  2.2667560E+08  4.7420781E+14  0.9999909    
  2.3569635E+08  5.1270165E+14  0.9999913    
  2.4507610E+08  5.5432022E+14  0.9999916    
  2.5482910E+08  5.9931725E+14  0.9999920    
  2.6497024E+08  6.4796688E+14  0.9999923    
  2.7551498E+08  7.0056560E+14  0.9999925    
  2.8647933E+08  7.5743413E+14  0.9999928    
  2.9788000E+08  8.1891893E+14  0.9999931    
  3.0973440E+08  8.8539482E+14  0.9999934    
  3.2206054E+08  9.5726687E+14  0.9999936    
  3.3487722E+08  1.0349732E+15  0.9999939    
  3.4820394E+08  1.1189873E+15  0.9999941    
  3.6206102E+08  1.2098213E+15  0.9999943    
  3.7646954E+08  1.3080287E+15  0.9999945    
  3.9145149E+08  1.4142082E+15  0.9999948    
  4.0702963E+08  1.5290069E+15  0.9999949    
  4.2322771E+08  1.6531243E+15  0.9999952    
  4.4007043E+08  1.7873171E+15  0.9999954    
  4.5758342E+08  1.9324030E+15  0.9999955    
  4.7579334E+08  2.0892662E+15  0.9999957    
  4.9472794E+08  2.2588629E+15  0.9999958    
  5.1441606E+08  2.4422266E+15  0.9999960    
  5.3488768E+08  2.6404750E+15  0.9999962    
  5.5617402E+08  2.8548164E+15  0.9999963    
  5.7830739E+08  3.0865568E+15  0.9999964    
  6.0132166E+08  3.3371088E+15  0.9999966    
  6.2525178E+08  3.6079996E+15  0.9999967    
  6.5013421E+08  3.9008802E+15  0.9999968    
  6.7600685E+08  4.2175352E+15  0.9999970    
  7.0290912E+08  4.5598948E+15  0.9999971    
  7.3088198E+08  4.9300459E+15  0.9999972    
  7.5996806E+08  5.3302439E+15  0.9999973    
  7.9021165E+08  5.7629281E+15  0.9999974    
  8.2165882E+08  6.2307354E+15  0.9999975    
  8.5435744E+08  6.7365172E+15  0.9999976    
  8.8835731E+08  7.2833561E+15  0.9999977    
  9.2371027E+08  7.8745852E+15  0.9999978    
  9.6047008E+08  8.5138074E+15  0.9999979    
  9.9869280E+08  9.2049181E+15  0.9999979    
  1.0384367E+09  9.9521307E+15  0.9999980    
