 ### omegam = 0.20; h = 0.70; omega_radiaton = 0.00008517
   0.00000E+00   0.10000E+01  -0.13997E+01   0.79991E+00   0.20000E+00   0.85175E-04   0.39996E+01  -0.15833E+01
   0.39796E-01   0.98629E+00  -0.13063E+01   0.76876E+00   0.23113E+00   0.10235E-03   0.33260E+01  -0.15664E+01
   0.81175E-01   0.97649E+00  -0.12044E+01   0.73479E+00   0.26509E+00   0.12206E-03   0.27719E+01  -0.15464E+01
   0.12420E+00   0.97078E+00  -0.10950E+01   0.69833E+00   0.30153E+00   0.14436E-03   0.23160E+01  -0.15227E+01
   0.16894E+00   0.96935E+00  -0.97957E+00   0.65986E+00   0.33997E+00   0.16925E-03   0.19409E+01  -0.14949E+01
   0.21546E+00   0.97238E+00  -0.85994E+00   0.61998E+00   0.37982E+00   0.19661E-03   0.16323E+01  -0.14625E+01
   0.26383E+00   0.98003E+00  -0.73825E+00   0.57942E+00   0.42036E+00   0.22625E-03   0.13784E+01  -0.14248E+01
   0.31412E+00   0.99245E+00  -0.61678E+00   0.53893E+00   0.46081E+00   0.25790E-03   0.11695E+01  -0.13816E+01
   0.36642E+00   0.10098E+01  -0.49780E+00   0.49927E+00   0.50044E+00   0.29122E-03   0.99765E+00  -0.13325E+01
   0.42080E+00   0.10321E+01  -0.38339E+00   0.46113E+00   0.53854E+00   0.32586E-03   0.85625E+00  -0.12774E+01
   0.47734E+00   0.10594E+01  -0.27532E+00   0.42511E+00   0.57453E+00   0.36147E-03   0.73992E+00  -0.12162E+01
   0.53613E+00   0.10920E+01  -0.17495E+00   0.39165E+00   0.60795E+00   0.39772E-03   0.64421E+00  -0.11492E+01
   0.59727E+00   0.11298E+01  -0.83170E-01   0.36106E+00   0.63851E+00   0.43433E-03   0.56547E+00  -0.10772E+01
   0.66083E+00   0.11729E+01  -0.43933E-03   0.33348E+00   0.66605E+00   0.47110E-03   0.50068E+00  -0.10009E+01
   0.72692E+00   0.12213E+01   0.73178E-01   0.30894E+00   0.69055E+00   0.50787E-03   0.44738E+00  -0.92159E+00
   0.79565E+00   0.12752E+01   0.13794E+00   0.28735E+00   0.71210E+00   0.54456E-03   0.40353E+00  -0.84062E+00
   0.86711E+00   0.13346E+01   0.19433E+00   0.26856E+00   0.73086E+00   0.58115E-03   0.36745E+00  -0.75952E+00
   0.94141E+00   0.13996E+01   0.24301E+00   0.25233E+00   0.74705E+00   0.61766E-03   0.33777E+00  -0.67979E+00
   0.10187E+01   0.14704E+01   0.28471E+00   0.23843E+00   0.76092E+00   0.65416E-03   0.31335E+00  -0.60288E+00
   0.10990E+01   0.15471E+01   0.32020E+00   0.22660E+00   0.77271E+00   0.69073E-03   0.29325E+00  -0.52999E+00
   0.11825E+01   0.16299E+01   0.35024E+00   0.21659E+00   0.78269E+00   0.72749E-03   0.27672E+00  -0.46209E+00
   0.12694E+01   0.17190E+01   0.37554E+00   0.20815E+00   0.79108E+00   0.76456E-03   0.26312E+00  -0.39983E+00
   0.13597E+01   0.18145E+01   0.39678E+00   0.20107E+00   0.79812E+00   0.80206E-03   0.25193E+00  -0.34357E+00
   0.14536E+01   0.19169E+01   0.41454E+00   0.19515E+00   0.80401E+00   0.84013E-03   0.24273E+00  -0.29338E+00
   0.15513E+01   0.20263E+01   0.42935E+00   0.19022E+00   0.80890E+00   0.87888E-03   0.23515E+00  -0.24915E+00
   0.16528E+01   0.21430E+01   0.44168E+00   0.18611E+00   0.81297E+00   0.91846E-03   0.22892E+00  -0.21057E+00
   0.17584E+01   0.22675E+01   0.45192E+00   0.18269E+00   0.81635E+00   0.95897E-03   0.22379E+00  -0.17721E+00
   0.18681E+01   0.24001E+01   0.46041E+00   0.17986E+00   0.81914E+00   0.10005E-02   0.21958E+00  -0.14860E+00
   0.19823E+01   0.25412E+01   0.46745E+00   0.17752E+00   0.82144E+00   0.10433E-02   0.21611E+00  -0.12422E+00
   0.21009E+01   0.26913E+01   0.47327E+00   0.17558E+00   0.82334E+00   0.10873E-02   0.21325E+00  -0.10357E+00
   0.22244E+01   0.28509E+01   0.47808E+00   0.17397E+00   0.82489E+00   0.11327E-02   0.21090E+00  -0.86157E-01
   0.23527E+01   0.30204E+01   0.48206E+00   0.17265E+00   0.82617E+00   0.11796E-02   0.20897E+00  -0.71540E-01
   0.24861E+01   0.32005E+01   0.48535E+00   0.17155E+00   0.82722E+00   0.12281E-02   0.20738E+00  -0.59310E-01
   0.26248E+01   0.33916E+01   0.48807E+00   0.17064E+00   0.82808E+00   0.12783E-02   0.20607E+00  -0.49106E-01
   0.27691E+01   0.35946E+01   0.49032E+00   0.16989E+00   0.82877E+00   0.13303E-02   0.20500E+00  -0.40613E-01
   0.29191E+01   0.38100E+01   0.49217E+00   0.16928E+00   0.82934E+00   0.13842E-02   0.20411E+00  -0.33559E-01
   0.30750E+01   0.40386E+01   0.49371E+00   0.16876E+00   0.82980E+00   0.14401E-02   0.20338E+00  -0.27709E-01
   0.32372E+01   0.42811E+01   0.49498E+00   0.16834E+00   0.83016E+00   0.14980E-02   0.20278E+00  -0.22864E-01
   0.34058E+01   0.45384E+01   0.49603E+00   0.16799E+00   0.83045E+00   0.15582E-02   0.20229E+00  -0.18857E-01
   0.35812E+01   0.48113E+01   0.49690E+00   0.16770E+00   0.83068E+00   0.16206E-02   0.20188E+00  -0.15546E-01
   0.37635E+01   0.51008E+01   0.49762E+00   0.16746E+00   0.83086E+00   0.16855E-02   0.20155E+00  -0.12811E-01
   0.39530E+01   0.54078E+01   0.49823E+00   0.16726E+00   0.83099E+00   0.17529E-02   0.20127E+00  -0.10555E-01
   0.41501E+01   0.57335E+01   0.49873E+00   0.16709E+00   0.83109E+00   0.18228E-02   0.20105E+00  -0.86933E-02
   0.43551E+01   0.60789E+01   0.49916E+00   0.16695E+00   0.83116E+00   0.18955E-02   0.20086E+00  -0.71589E-02
   0.45682E+01   0.64452E+01   0.49951E+00   0.16683E+00   0.83120E+00   0.19711E-02   0.20071E+00  -0.58944E-02
   0.47898E+01   0.68336E+01   0.49981E+00   0.16673E+00   0.83122E+00   0.20496E-02   0.20058E+00  -0.48526E-02
   0.50202E+01   0.72456E+01   0.50007E+00   0.16664E+00   0.83122E+00   0.21311E-02   0.20048E+00  -0.39944E-02
   0.52598E+01   0.76824E+01   0.50029E+00   0.16657E+00   0.83121E+00   0.22159E-02   0.20040E+00  -0.32877E-02
   0.55089E+01   0.81457E+01   0.50048E+00   0.16651E+00   0.83119E+00   0.23040E-02   0.20033E+00  -0.27059E-02
   0.57679E+01   0.86369E+01   0.50064E+00   0.16645E+00   0.83115E+00   0.23956E-02   0.20027E+00  -0.22269E-02
   0.60373E+01   0.91578E+01   0.50079E+00   0.16640E+00   0.83111E+00   0.24908E-02   0.20022E+00  -0.18326E-02
   0.63173E+01   0.97102E+01   0.50092E+00   0.16636E+00   0.83105E+00   0.25898E-02   0.20018E+00  -0.15080E-02
   0.66085E+01   0.10296E+02   0.50104E+00   0.16632E+00   0.83099E+00   0.26926E-02   0.20015E+00  -0.12409E-02
   0.69113E+01   0.10917E+02   0.50115E+00   0.16628E+00   0.83092E+00   0.27995E-02   0.20012E+00  -0.10211E-02
   0.72261E+01   0.11576E+02   0.50125E+00   0.16625E+00   0.83084E+00   0.29107E-02   0.20010E+00  -0.84015E-03
   0.75535E+01   0.12274E+02   0.50134E+00   0.16622E+00   0.83075E+00   0.30262E-02   0.20008E+00  -0.69128E-03
   0.78939E+01   0.13015E+02   0.50143E+00   0.16619E+00   0.83066E+00   0.31463E-02   0.20007E+00  -0.56878E-03
   0.82478E+01   0.13800E+02   0.50152E+00   0.16616E+00   0.83057E+00   0.32711E-02   0.20006E+00  -0.46799E-03
   0.86159E+01   0.14633E+02   0.50160E+00   0.16613E+00   0.83047E+00   0.34009E-02   0.20005E+00  -0.38505E-03
   0.89985E+01   0.15516E+02   0.50169E+00   0.16610E+00   0.83036E+00   0.35358E-02   0.20004E+00  -0.31681E-03
   0.93964E+01   0.16453E+02   0.50177E+00   0.16608E+00   0.83025E+00   0.36760E-02   0.20003E+00  -0.26066E-03
   0.98102E+01   0.17446E+02   0.50186E+00   0.16605E+00   0.83013E+00   0.38217E-02   0.20003E+00  -0.21446E-03
   0.10240E+02   0.18499E+02   0.50194E+00   0.16602E+00   0.83001E+00   0.39732E-02   0.20002E+00  -0.17645E-03
   0.10688E+02   0.19616E+02   0.50203E+00   0.16599E+00   0.82988E+00   0.41307E-02   0.20002E+00  -0.14517E-03
   0.11153E+02   0.20800E+02   0.50212E+00   0.16596E+00   0.82974E+00   0.42944E-02   0.20001E+00  -0.11944E-03
   0.11636E+02   0.22056E+02   0.50221E+00   0.16593E+00   0.82960E+00   0.44645E-02   0.20001E+00  -0.98271E-04
   0.12139E+02   0.23387E+02   0.50230E+00   0.16590E+00   0.82946E+00   0.46414E-02   0.20001E+00  -0.80853E-04
   0.12662E+02   0.24799E+02   0.50240E+00   0.16587E+00   0.82931E+00   0.48252E-02   0.20001E+00  -0.66522E-04
   0.13206E+02   0.26297E+02   0.50249E+00   0.16584E+00   0.82915E+00   0.50163E-02   0.20001E+00  -0.54732E-04
   0.13771E+02   0.27885E+02   0.50260E+00   0.16580E+00   0.82898E+00   0.52149E-02   0.20001E+00  -0.45031E-04
   0.14359E+02   0.29569E+02   0.50270E+00   0.16577E+00   0.82881E+00   0.54213E-02   0.20000E+00  -0.37050E-04
   0.14970E+02   0.31355E+02   0.50281E+00   0.16573E+00   0.82863E+00   0.56358E-02   0.20000E+00  -0.30483E-04
   0.15606E+02   0.33249E+02   0.50292E+00   0.16569E+00   0.82845E+00   0.58588E-02   0.20000E+00  -0.25081E-04
   0.16267E+02   0.35257E+02   0.50304E+00   0.16565E+00   0.82826E+00   0.60905E-02   0.20000E+00  -0.20636E-04
   0.16954E+02   0.37387E+02   0.50316E+00   0.16561E+00   0.82806E+00   0.63314E-02   0.20000E+00  -0.16979E-04
   0.17668E+02   0.39646E+02   0.50329E+00   0.16557E+00   0.82785E+00   0.65817E-02   0.20000E+00  -0.13970E-04
   0.18411E+02   0.42041E+02   0.50342E+00   0.16553E+00   0.82763E+00   0.68418E-02   0.20000E+00  -0.11495E-04
   0.19184E+02   0.44582E+02   0.50355E+00   0.16548E+00   0.82741E+00   0.71122E-02   0.20000E+00  -0.94581E-05
   0.19987E+02   0.47276E+02   0.50369E+00   0.16544E+00   0.82717E+00   0.73931E-02   0.20000E+00  -0.77825E-05
   0.20822E+02   0.50134E+02   0.50384E+00   0.16539E+00   0.82693E+00   0.76851E-02   0.20000E+00  -0.64040E-05
   0.21691E+02   0.53164E+02   0.50399E+00   0.16534E+00   0.82668E+00   0.79884E-02   0.20000E+00  -0.52698E-05
   0.22594E+02   0.56378E+02   0.50415E+00   0.16528E+00   0.82641E+00   0.83037E-02   0.20000E+00  -0.43367E-05
   0.23533E+02   0.59786E+02   0.50431E+00   0.16523E+00   0.82614E+00   0.86313E-02   0.20000E+00  -0.35689E-05
   0.24509E+02   0.63401E+02   0.50449E+00   0.16517E+00   0.82586E+00   0.89717E-02   0.20000E+00  -0.29373E-05
   0.25524E+02   0.67235E+02   0.50466E+00   0.16511E+00   0.82556E+00   0.93254E-02   0.20000E+00  -0.24176E-05
   0.26580E+02   0.71302E+02   0.50485E+00   0.16505E+00   0.82526E+00   0.96930E-02   0.20000E+00  -0.19901E-05
   0.27677E+02   0.75615E+02   0.50504E+00   0.16499E+00   0.82494E+00   0.10075E-01   0.20000E+00  -0.16383E-05
   0.28818E+02   0.80189E+02   0.50524E+00   0.16492E+00   0.82461E+00   0.10472E-01   0.20000E+00  -0.13489E-05
   0.30005E+02   0.85041E+02   0.50544E+00   0.16485E+00   0.82426E+00   0.10884E-01   0.20000E+00  -0.11108E-05
   0.31239E+02   0.90187E+02   0.50566E+00   0.16478E+00   0.82391E+00   0.11312E-01   0.20000E+00  -0.91490E-06
   0.32522E+02   0.95646E+02   0.50588E+00   0.16471E+00   0.82354E+00   0.11757E-01   0.20000E+00  -0.75373E-06
   0.33856E+02   0.10144E+03   0.50611E+00   0.16463E+00   0.82315E+00   0.12219E-01   0.20000E+00  -0.62113E-06
   0.35243E+02   0.10758E+03   0.50635E+00   0.16455E+00   0.82275E+00   0.12699E-01   0.20000E+00  -0.51203E-06
   0.36685E+02   0.11409E+03   0.50660E+00   0.16447E+00   0.82234E+00   0.13198E-01   0.20000E+00  -0.42227E-06
   0.38185E+02   0.12100E+03   0.50686E+00   0.16438E+00   0.82190E+00   0.13716E-01   0.20000E+00  -0.34842E-06
   0.39744E+02   0.12833E+03   0.50713E+00   0.16429E+00   0.82146E+00   0.14254E-01   0.20000E+00  -0.28766E-06
   0.41366E+02   0.13610E+03   0.50741E+00   0.16420E+00   0.82099E+00   0.14813E-01   0.20000E+00  -0.23767E-06
   0.43052E+02   0.14435E+03   0.50770E+00   0.16410E+00   0.82051E+00   0.15393E-01   0.20000E+00  -0.19654E-06
   0.44805E+02   0.15310E+03   0.50800E+00   0.16400E+00   0.82000E+00   0.15996E-01   0.20000E+00  -0.16270E-06
   0.46628E+02   0.16238E+03   0.50831E+00   0.16390E+00   0.81948E+00   0.16622E-01   0.20000E+00  -0.13485E-06
   0.48523E+02   0.17223E+03   0.50864E+00   0.16379E+00   0.81894E+00   0.17272E-01   0.20000E+00  -0.11194E-06
   0.50494E+02   0.18267E+03   0.50897E+00   0.16368E+00   0.81838E+00   0.17947E-01   0.20000E+00  -0.93094E-07
   0.52543E+02   0.19375E+03   0.50932E+00   0.16356E+00   0.81779E+00   0.18648E-01   0.20000E+00  -0.77584E-07
   0.54674E+02   0.20551E+03   0.50969E+00   0.16344E+00   0.81719E+00   0.19376E-01   0.20000E+00  -0.64822E-07
   0.56890E+02   0.21798E+03   0.51007E+00   0.16331E+00   0.81656E+00   0.20131E-01   0.20000E+00  -0.54321E-07
   0.59193E+02   0.23122E+03   0.51046E+00   0.16318E+00   0.81590E+00   0.20915E-01   0.20000E+00  -0.45681E-07
   0.61589E+02   0.24526E+03   0.51086E+00   0.16305E+00   0.81523E+00   0.21730E-01   0.20000E+00  -0.38569E-07
   0.64080E+02   0.26015E+03   0.51129E+00   0.16290E+00   0.81452E+00   0.22575E-01   0.20000E+00  -0.32716E-07
   0.66669E+02   0.27596E+03   0.51173E+00   0.16276E+00   0.81379E+00   0.23452E-01   0.20000E+00  -0.27899E-07
   0.69362E+02   0.29273E+03   0.51218E+00   0.16261E+00   0.81303E+00   0.24363E-01   0.20000E+00  -0.23935E-07
   0.72163E+02   0.31053E+03   0.51265E+00   0.16245E+00   0.81224E+00   0.25308E-01   0.20000E+00  -0.20671E-07
   0.75074E+02   0.32942E+03   0.51314E+00   0.16229E+00   0.81143E+00   0.26289E-01   0.20000E+00  -0.17982E-07
   0.78102E+02   0.34946E+03   0.51365E+00   0.16212E+00   0.81058E+00   0.27306E-01   0.20000E+00  -0.15770E-07
   0.81250E+02   0.37073E+03   0.51418E+00   0.16194E+00   0.80970E+00   0.28362E-01   0.20000E+00  -0.13946E-07
   0.84523E+02   0.39330E+03   0.51473E+00   0.16176E+00   0.80879E+00   0.29457E-01   0.20000E+00  -0.12444E-07
   0.87926E+02   0.41725E+03   0.51530E+00   0.16157E+00   0.80784E+00   0.30594E-01   0.20000E+00  -0.11206E-07
   0.91465E+02   0.44267E+03   0.51589E+00   0.16137E+00   0.80686E+00   0.31773E-01   0.20000E+00  -0.10184E-07
   0.95145E+02   0.46966E+03   0.51650E+00   0.16117E+00   0.80584E+00   0.32995E-01   0.20000E+00  -0.93413E-08
   0.98971E+02   0.49830E+03   0.51713E+00   0.16096E+00   0.80478E+00   0.34263E-01   0.20000E+00  -0.86452E-08
   0.10295E+03   0.52869E+03   0.51779E+00   0.16074E+00   0.80368E+00   0.35579E-01   0.20000E+00  -0.80698E-08
   0.10709E+03   0.56096E+03   0.51847E+00   0.16051E+00   0.80255E+00   0.36942E-01   0.20000E+00  -0.75935E-08
   0.11139E+03   0.59522E+03   0.51918E+00   0.16027E+00   0.80137E+00   0.38356E-01   0.20000E+00  -0.71982E-08
   0.11586E+03   0.63158E+03   0.51991E+00   0.16003E+00   0.80015E+00   0.39821E-01   0.20000E+00  -0.68714E-08
   0.12051E+03   0.67019E+03   0.52067E+00   0.15978E+00   0.79888E+00   0.41341E-01   0.20000E+00  -0.65983E-08
   0.12535E+03   0.71117E+03   0.52146E+00   0.15951E+00   0.79757E+00   0.42915E-01   0.20000E+00  -0.63703E-08
   0.13037E+03   0.75469E+03   0.52227E+00   0.15924E+00   0.79621E+00   0.44547E-01   0.20000E+00  -0.61791E-08
   0.13560E+03   0.80089E+03   0.52312E+00   0.15896E+00   0.79480E+00   0.46238E-01   0.20000E+00  -0.60183E-08
   0.14104E+03   0.84995E+03   0.52399E+00   0.15867E+00   0.79334E+00   0.47990E-01   0.20000E+00  -0.58837E-08
   0.14669E+03   0.90205E+03   0.52490E+00   0.15837E+00   0.79183E+00   0.49804E-01   0.20000E+00  -0.57669E-08
   0.15257E+03   0.95738E+03   0.52584E+00   0.15805E+00   0.79026E+00   0.51684E-01   0.20000E+00  -0.56691E-08
   0.15868E+03   0.10161E+04   0.52682E+00   0.15773E+00   0.78864E+00   0.53630E-01   0.20000E+00  -0.55837E-08
   0.16503E+03   0.10785E+04   0.52782E+00   0.15739E+00   0.78696E+00   0.55646E-01   0.20000E+00  -0.55091E-08
   0.17164E+03   0.11448E+04   0.52887E+00   0.15704E+00   0.78522E+00   0.57732E-01   0.20000E+00  -0.54439E-08
   0.17851E+03   0.12152E+04   0.52995E+00   0.15668E+00   0.78342E+00   0.59892E-01   0.20000E+00  -0.53853E-08
   0.18566E+03   0.12900E+04   0.53106E+00   0.15631E+00   0.78156E+00   0.62128E-01   0.20000E+00  -0.53329E-08
   0.19308E+03   0.13695E+04   0.53222E+00   0.15593E+00   0.77963E+00   0.64441E-01   0.20000E+00  -0.52850E-08
   0.20081E+03   0.14539E+04   0.53342E+00   0.15553E+00   0.77764E+00   0.66834E-01   0.20000E+00  -0.52416E-08
   0.20884E+03   0.15436E+04   0.53465E+00   0.15512E+00   0.77558E+00   0.69309E-01   0.20000E+00  -0.51995E-08
   0.21719E+03   0.16389E+04   0.53593E+00   0.15469E+00   0.77344E+00   0.71869E-01   0.20000E+00  -0.51602E-08
   0.22587E+03   0.17402E+04   0.53726E+00   0.15425E+00   0.77124E+00   0.74516E-01   0.20000E+00  -0.51221E-08
   0.23490E+03   0.18478E+04   0.53863E+00   0.15379E+00   0.76896E+00   0.77253E-01   0.20000E+00  -0.50857E-08
   0.24429E+03   0.19622E+04   0.54004E+00   0.15332E+00   0.76660E+00   0.80081E-01   0.20000E+00  -0.50514E-08
   0.25405E+03   0.20838E+04   0.54150E+00   0.15283E+00   0.76416E+00   0.83003E-01   0.20000E+00  -0.50152E-08
   0.26420E+03   0.22131E+04   0.54301E+00   0.15233E+00   0.76165E+00   0.86022E-01   0.20000E+00  -0.49815E-08
   0.27476E+03   0.23505E+04   0.54457E+00   0.15181E+00   0.75905E+00   0.89140E-01   0.20000E+00  -0.49467E-08
   0.28573E+03   0.24966E+04   0.54618E+00   0.15127E+00   0.75637E+00   0.92360E-01   0.20000E+00  -0.49112E-08
   0.29714E+03   0.26520E+04   0.54784E+00   0.15072E+00   0.75360E+00   0.95684E-01   0.20000E+00  -0.48754E-08
   0.30900E+03   0.28172E+04   0.54956E+00   0.15015E+00   0.75074E+00   0.99114E-01   0.20000E+00  -0.48394E-08
   0.32134E+03   0.29930E+04   0.55133E+00   0.14956E+00   0.74779E+00   0.10265E+00   0.20000E+00  -0.48027E-08
   0.33417E+03   0.31799E+04   0.55315E+00   0.14895E+00   0.74475E+00   0.10630E+00   0.20000E+00  -0.47651E-08
   0.34751E+03   0.33787E+04   0.55503E+00   0.14832E+00   0.74161E+00   0.11007E+00   0.20000E+00  -0.47290E-08
   0.36138E+03   0.35902E+04   0.55698E+00   0.14767E+00   0.73837E+00   0.11395E+00   0.20000E+00  -0.46891E-08
   0.37580E+03   0.38152E+04   0.55898E+00   0.14701E+00   0.73504E+00   0.11795E+00   0.20000E+00  -0.46509E-08
   0.39079E+03   0.40547E+04   0.56104E+00   0.14632E+00   0.73161E+00   0.12207E+00   0.20000E+00  -0.46107E-08
   0.40638E+03   0.43096E+04   0.56316E+00   0.14561E+00   0.72807E+00   0.12632E+00   0.20000E+00  -0.45692E-08
   0.42260E+03   0.45809E+04   0.56534E+00   0.14489E+00   0.72443E+00   0.13069E+00   0.20000E+00  -0.45278E-08
   0.43945E+03   0.48696E+04   0.56759E+00   0.14414E+00   0.72068E+00   0.13518E+00   0.20000E+00  -0.44823E-08
   0.45698E+03   0.51770E+04   0.56991E+00   0.14336E+00   0.71682E+00   0.13981E+00   0.20000E+00  -0.44385E-08
   0.47521E+03   0.55044E+04   0.57229E+00   0.14257E+00   0.71286E+00   0.14457E+00   0.20000E+00  -0.43941E-08
   0.49416E+03   0.58530E+04   0.57473E+00   0.14176E+00   0.70878E+00   0.14946E+00   0.20000E+00  -0.43478E-08
   0.51386E+03   0.62242E+04   0.57725E+00   0.14092E+00   0.70459E+00   0.15449E+00   0.20000E+00  -0.43001E-08
   0.53435E+03   0.66197E+04   0.57983E+00   0.14006E+00   0.70028E+00   0.15966E+00   0.20000E+00  -0.42522E-08
   0.55566E+03   0.70411E+04   0.58248E+00   0.13917E+00   0.69586E+00   0.16497E+00   0.20000E+00  -0.42012E-08
   0.57781E+03   0.74900E+04   0.58521E+00   0.13826E+00   0.69132E+00   0.17041E+00   0.20000E+00  -0.41513E-08
   0.60085E+03   0.79684E+04   0.58800E+00   0.13733E+00   0.68667E+00   0.17600E+00   0.20000E+00  -0.41004E-08
   0.62480E+03   0.84783E+04   0.59087E+00   0.13638E+00   0.68189E+00   0.18173E+00   0.20000E+00  -0.40471E-08
   0.64970E+03   0.90218E+04   0.59380E+00   0.13540E+00   0.67699E+00   0.18761E+00   0.20000E+00  -0.39938E-08
   0.67560E+03   0.96013E+04   0.59681E+00   0.13440E+00   0.67198E+00   0.19363E+00   0.20000E+00  -0.39388E-08
   0.70252E+03   0.10219E+05   0.59990E+00   0.13337E+00   0.66684E+00   0.19979E+00   0.20000E+00  -0.38836E-08
   0.73052E+03   0.10878E+05   0.60305E+00   0.13232E+00   0.66158E+00   0.20610E+00   0.20000E+00  -0.38273E-08
   0.75963E+03   0.11581E+05   0.60628E+00   0.13124E+00   0.65620E+00   0.21256E+00   0.20000E+00  -0.37693E-08
   0.78990E+03   0.12331E+05   0.60958E+00   0.13014E+00   0.65069E+00   0.21917E+00   0.20000E+00  -0.37101E-08
   0.82138E+03   0.13132E+05   0.61296E+00   0.12901E+00   0.64507E+00   0.22592E+00   0.20000E+00  -0.36504E-08
   0.85410E+03   0.13986E+05   0.61641E+00   0.12786E+00   0.63932E+00   0.23282E+00   0.20000E+00  -0.35894E-08
   0.88813E+03   0.14897E+05   0.61993E+00   0.12669E+00   0.63345E+00   0.23986E+00   0.20000E+00  -0.35278E-08
   0.92352E+03   0.15871E+05   0.62352E+00   0.12549E+00   0.62746E+00   0.24705E+00   0.20000E+00  -0.34645E-08
   0.96031E+03   0.16910E+05   0.62719E+00   0.12427E+00   0.62135E+00   0.25438E+00   0.20000E+00  -0.34034E-08
   0.99856E+03   0.18020E+05   0.63093E+00   0.12302E+00   0.61512E+00   0.26185E+00   0.20000E+00  -0.33388E-08
   0.10383E+04   0.19205E+05   0.63473E+00   0.12176E+00   0.60878E+00   0.26946E+00   0.20000E+00  -0.32743E-08
   0.10797E+04   0.20472E+05   0.63861E+00   0.12046E+00   0.60232E+00   0.27721E+00   0.20000E+00  -0.32080E-08
   0.11227E+04   0.21826E+05   0.64255E+00   0.11915E+00   0.59575E+00   0.28510E+00   0.20000E+00  -0.31406E-08
   0.11674E+04   0.23272E+05   0.64656E+00   0.11781E+00   0.58907E+00   0.29312E+00   0.20000E+00  -0.30743E-08
   0.12139E+04   0.24819E+05   0.65064E+00   0.11645E+00   0.58227E+00   0.30127E+00   0.20000E+00  -0.30068E-08
   0.12623E+04   0.26472E+05   0.65477E+00   0.11508E+00   0.57538E+00   0.30955E+00   0.20000E+00  -0.29409E-08
   0.13126E+04   0.28240E+05   0.65898E+00   0.11367E+00   0.56837E+00   0.31795E+00   0.20000E+00  -0.28716E-08
   0.13648E+04   0.30132E+05   0.66324E+00   0.11225E+00   0.56127E+00   0.32647E+00   0.20000E+00  -0.28035E-08
   0.14192E+04   0.32155E+05   0.66756E+00   0.11081E+00   0.55407E+00   0.33511E+00   0.20000E+00  -0.27331E-08
   0.14757E+04   0.34320E+05   0.67193E+00   0.10936E+00   0.54678E+00   0.34386E+00   0.20000E+00  -0.26651E-08
   0.15345E+04   0.36637E+05   0.67636E+00   0.10788E+00   0.53940E+00   0.35272E+00   0.20000E+00  -0.25958E-08
   0.15956E+04   0.39117E+05   0.68084E+00   0.10639E+00   0.53193E+00   0.36168E+00   0.20000E+00  -0.25254E-08
   0.16591E+04   0.41773E+05   0.68537E+00   0.10488E+00   0.52439E+00   0.37074E+00   0.20000E+00  -0.24567E-08
   0.17252E+04   0.44617E+05   0.68994E+00   0.10335E+00   0.51676E+00   0.37989E+00   0.20000E+00  -0.23879E-08
   0.17939E+04   0.47662E+05   0.69456E+00   0.10181E+00   0.50907E+00   0.38912E+00   0.20000E+00  -0.23180E-08
   0.18653E+04   0.50925E+05   0.69922E+00   0.10026E+00   0.50130E+00   0.39844E+00   0.20000E+00  -0.22481E-08
   0.19396E+04   0.54422E+05   0.70391E+00   0.98696E-01   0.49348E+00   0.40783E+00   0.20000E+00  -0.21800E-08
   0.20168E+04   0.58169E+05   0.70864E+00   0.97119E-01   0.48560E+00   0.41728E+00   0.20000E+00  -0.21084E-08
   0.20971E+04   0.62186E+05   0.71340E+00   0.95533E-01   0.47766E+00   0.42680E+00   0.20000E+00  -0.20404E-08
   0.21806E+04   0.66492E+05   0.71819E+00   0.93937E-01   0.46969E+00   0.43638E+00   0.20000E+00  -0.19718E-08
   0.22674E+04   0.71110E+05   0.72300E+00   0.92334E-01   0.46167E+00   0.44600E+00   0.20000E+00  -0.19048E-08
   0.23577E+04   0.76063E+05   0.72783E+00   0.90724E-01   0.45362E+00   0.45566E+00   0.20000E+00  -0.18397E-08
   0.24515E+04   0.81376E+05   0.73268E+00   0.89108E-01   0.44554E+00   0.46535E+00   0.20000E+00  -0.17721E-08
   0.25491E+04   0.87077E+05   0.73754E+00   0.87488E-01   0.43744E+00   0.47507E+00   0.20000E+00  -0.17063E-08
   0.26506E+04   0.93195E+05   0.74241E+00   0.85864E-01   0.42932E+00   0.48481E+00   0.20000E+00  -0.16424E-08
   0.27562E+04   0.99762E+05   0.74728E+00   0.84239E-01   0.42119E+00   0.49457E+00   0.20000E+00  -0.15768E-08
   0.28659E+04   0.10681E+06   0.75216E+00   0.82613E-01   0.41307E+00   0.50432E+00   0.20000E+00  -0.15123E-08
   0.29800E+04   0.11438E+06   0.75704E+00   0.80988E-01   0.40494E+00   0.51407E+00   0.20000E+00  -0.14511E-08
   0.30986E+04   0.12251E+06   0.76191E+00   0.79364E-01   0.39682E+00   0.52382E+00   0.20000E+00  -0.13885E-08
   0.32219E+04   0.13124E+06   0.76677E+00   0.77743E-01   0.38872E+00   0.53354E+00   0.20000E+00  -0.13263E-08
   0.33502E+04   0.14062E+06   0.77162E+00   0.76127E-01   0.38063E+00   0.54324E+00   0.20000E+00  -0.12689E-08
   0.34836E+04   0.15071E+06   0.77645E+00   0.74516E-01   0.37258E+00   0.55290E+00   0.20000E+00  -0.12091E-08
   0.36222E+04   0.16154E+06   0.78126E+00   0.72912E-01   0.36456E+00   0.56253E+00   0.20000E+00  -0.11511E-08
   0.37664E+04   0.17318E+06   0.78605E+00   0.71315E-01   0.35658E+00   0.57211E+00   0.20000E+00  -0.10954E-08
   0.39164E+04   0.18570E+06   0.79082E+00   0.69728E-01   0.34864E+00   0.58163E+00   0.20000E+00  -0.10412E-08
   0.40723E+04   0.19916E+06   0.79555E+00   0.68150E-01   0.34075E+00   0.59110E+00   0.20000E+00  -0.98351E-09
   0.42344E+04   0.21364E+06   0.80025E+00   0.66584E-01   0.33292E+00   0.60050E+00   0.20000E+00  -0.93229E-09
   0.44029E+04   0.22921E+06   0.80491E+00   0.65030E-01   0.32515E+00   0.60982E+00   0.20000E+00  -0.88048E-09
   0.45782E+04   0.24596E+06   0.80953E+00   0.63489E-01   0.31745E+00   0.61906E+00   0.20000E+00  -0.83074E-09
   0.47604E+04   0.26398E+06   0.81411E+00   0.61963E-01   0.30981E+00   0.62822E+00   0.20000E+00  -0.78337E-09
   0.49499E+04   0.28337E+06   0.81865E+00   0.60451E-01   0.30226E+00   0.63729E+00   0.20000E+00  -0.72949E-09
   0.51469E+04   0.30424E+06   0.82313E+00   0.58956E-01   0.29478E+00   0.64626E+00   0.20000E+00  -0.68212E-09
   0.53518E+04   0.32670E+06   0.82757E+00   0.57478E-01   0.28739E+00   0.65513E+00   0.20000E+00  -0.63534E-09
   0.55648E+04   0.35088E+06   0.83195E+00   0.56017E-01   0.28009E+00   0.66390E+00   0.20000E+00  -0.59182E-09
   0.57863E+04   0.37691E+06   0.83627E+00   0.54576E-01   0.27288E+00   0.67255E+00   0.20000E+00  -0.54653E-09
   0.60166E+04   0.40495E+06   0.84054E+00   0.53153E-01   0.26576E+00   0.68108E+00   0.20000E+00  -0.50271E-09
   0.62561E+04   0.43514E+06   0.84475E+00   0.51750E-01   0.25875E+00   0.68950E+00   0.20000E+00  -0.46067E-09
   0.65051E+04   0.46766E+06   0.84890E+00   0.50368E-01   0.25184E+00   0.69779E+00   0.20000E+00  -0.42277E-09
   0.67640E+04   0.50269E+06   0.85298E+00   0.49007E-01   0.24504E+00   0.70596E+00   0.20000E+00  -0.37836E-09
   0.70332E+04   0.54043E+06   0.85700E+00   0.47668E-01   0.23834E+00   0.71399E+00   0.20000E+00  -0.34165E-09
   0.73131E+04   0.58109E+06   0.86095E+00   0.46351E-01   0.23176E+00   0.72189E+00   0.20000E+00  -0.30524E-09
   0.76042E+04   0.62491E+06   0.86483E+00   0.45057E-01   0.22528E+00   0.72966E+00   0.20000E+00  -0.26941E-09
   0.79069E+04   0.67213E+06   0.86864E+00   0.43785E-01   0.21893E+00   0.73729E+00   0.20000E+00  -0.23300E-09
   0.82216E+04   0.72303E+06   0.87239E+00   0.42537E-01   0.21269E+00   0.74478E+00   0.20000E+00  -0.19303E-09
   0.85488E+04   0.77789E+06   0.87606E+00   0.41313E-01   0.20656E+00   0.75212E+00   0.20000E+00  -0.15987E-09
   0.88890E+04   0.83704E+06   0.87966E+00   0.40112E-01   0.20056E+00   0.75933E+00   0.20000E+00  -0.12671E-09
   0.92428E+04   0.90081E+06   0.88319E+00   0.38936E-01   0.19468E+00   0.76639E+00   0.20000E+00  -0.90002E-10
   0.96107E+04   0.96957E+06   0.88665E+00   0.37783E-01   0.18892E+00   0.77330E+00   0.20000E+00  -0.61580E-10
   0.99932E+04   0.10437E+07   0.89003E+00   0.36655E-01   0.18328E+00   0.78007E+00   0.20000E+00  -0.28422E-10
   0.10391E+05   0.11237E+07   0.89335E+00   0.35552E-01   0.17776E+00   0.78669E+00   0.20000E+00   0.50329E-11
   0.10804E+05   0.12099E+07   0.89658E+00   0.34472E-01   0.17236E+00   0.79317E+00   0.20000E+00   0.31382E-10
   0.11234E+05   0.13030E+07   0.89975E+00   0.33417E-01   0.16709E+00   0.79950E+00   0.20000E+00   0.61580E-10
   0.11682E+05   0.14033E+07   0.90284E+00   0.32387E-01   0.16194E+00   0.80568E+00   0.20000E+00   0.94147E-10
   0.12147E+05   0.15116E+07   0.90586E+00   0.31381E-01   0.15690E+00   0.81171E+00   0.20000E+00   0.12138E-09
   0.12630E+05   0.16284E+07   0.90880E+00   0.30399E-01   0.15199E+00   0.81761E+00   0.20000E+00   0.15010E-09
   0.13133E+05   0.17544E+07   0.91168E+00   0.29441E-01   0.14720E+00   0.82335E+00   0.20000E+00   0.18889E-09
   0.13655E+05   0.18904E+07   0.91448E+00   0.28507E-01   0.14253E+00   0.82896E+00   0.20000E+00   0.20872E-09
   0.14199E+05   0.20372E+07   0.91721E+00   0.27597E-01   0.13798E+00   0.83442E+00   0.20000E+00   0.24336E-09
   0.14764E+05   0.21955E+07   0.91987E+00   0.26710E-01   0.13355E+00   0.83974E+00   0.20000E+00   0.27119E-09
   0.15351E+05   0.23665E+07   0.92246E+00   0.25846E-01   0.12923E+00   0.84492E+00   0.20000E+00   0.30139E-09
   0.15962E+05   0.25510E+07   0.92498E+00   0.25005E-01   0.12503E+00   0.84997E+00   0.20000E+00   0.32744E-09
   0.16598E+05   0.27501E+07   0.92744E+00   0.24187E-01   0.12093E+00   0.85488E+00   0.20000E+00   0.35349E-09
   0.17258E+05   0.29651E+07   0.92983E+00   0.23391E-01   0.11696E+00   0.85965E+00   0.20000E+00   0.38429E-09
   0.17945E+05   0.31971E+07   0.93215E+00   0.22617E-01   0.11309E+00   0.86430E+00   0.20000E+00   0.41596E-09
   0.18659E+05   0.34477E+07   0.93440E+00   0.21865E-01   0.10933E+00   0.86881E+00   0.20000E+00   0.44527E-09
   0.19402E+05   0.37182E+07   0.93660E+00   0.21135E-01   0.10567E+00   0.87319E+00   0.20000E+00   0.47873E-09
   0.20174E+05   0.40102E+07   0.93873E+00   0.20425E-01   0.10212E+00   0.87745E+00   0.20000E+00   0.51218E-09
   0.20977E+05   0.43256E+07   0.94079E+00   0.19736E-01   0.98679E-01   0.88159E+00   0.20000E+00   0.54001E-09
   0.21812E+05   0.46661E+07   0.94280E+00   0.19067E-01   0.95334E-01   0.88560E+00   0.20000E+00   0.57732E-09
   0.22680E+05   0.50338E+07   0.94475E+00   0.18418E-01   0.92088E-01   0.88949E+00   0.20000E+00   0.60515E-09
   0.23582E+05   0.54309E+07   0.94664E+00   0.17788E-01   0.88940E-01   0.89327E+00   0.20000E+00   0.63771E-09
   0.24521E+05   0.58598E+07   0.94847E+00   0.17177E-01   0.85887E-01   0.89694E+00   0.20000E+00   0.67028E-09
   0.25497E+05   0.63229E+07   0.95024E+00   0.16585E-01   0.82927E-01   0.90049E+00   0.20000E+00   0.71025E-09
   0.26511E+05   0.68232E+07   0.95197E+00   0.16012E-01   0.80058E-01   0.90393E+00   0.20000E+00   0.73423E-09
   0.27567E+05   0.73635E+07   0.95363E+00   0.15456E-01   0.77278E-01   0.90727E+00   0.20000E+00   0.77508E-09
   0.28664E+05   0.79471E+07   0.95525E+00   0.14917E-01   0.74585E-01   0.91050E+00   0.20000E+00   0.81535E-09
   0.29804E+05   0.85775E+07   0.95681E+00   0.14395E-01   0.71977E-01   0.91363E+00   0.20000E+00   0.85443E-09
   0.30990E+05   0.92584E+07   0.95833E+00   0.13890E-01   0.69452E-01   0.91666E+00   0.20000E+00   0.89469E-09
   0.32224E+05   0.99940E+07   0.95980E+00   0.13402E-01   0.67008E-01   0.91959E+00   0.20000E+00   0.93377E-09
   0.33506E+05   0.10789E+08   0.96121E+00   0.12928E-01   0.64642E-01   0.92243E+00   0.20000E+00   0.98736E-09
   0.34840E+05   0.11647E+08   0.96259E+00   0.12471E-01   0.62353E-01   0.92518E+00   0.20000E+00   0.10273E-08
   0.36226E+05   0.12574E+08   0.96392E+00   0.12028E-01   0.60139E-01   0.92783E+00   0.20000E+00   0.10791E-08
   0.37668E+05   0.13576E+08   0.96520E+00   0.11599E-01   0.57997E-01   0.93040E+00   0.20000E+00   0.11167E-08
   0.39167E+05   0.14659E+08   0.96644E+00   0.11185E-01   0.55927E-01   0.93289E+00   0.20000E+00   0.11540E-08
   0.40726E+05   0.15828E+08   0.96765E+00   0.10785E-01   0.53925E-01   0.93529E+00   0.20000E+00   0.12156E-08
   0.42346E+05   0.17092E+08   0.96881E+00   0.10398E-01   0.51990E-01   0.93761E+00   0.20000E+00   0.12648E-08
   0.44032E+05   0.18458E+08   0.96993E+00   0.10024E-01   0.50119E-01   0.93986E+00   0.20000E+00   0.13252E-08
   0.45784E+05   0.19933E+08   0.97101E+00   0.96625E-02   0.48312E-01   0.94203E+00   0.20000E+00   0.13702E-08
   0.47606E+05   0.21527E+08   0.97206E+00   0.93133E-02   0.46567E-01   0.94412E+00   0.20000E+00   0.14220E-08
   0.49501E+05   0.23250E+08   0.97307E+00   0.89761E-02   0.44880E-01   0.94614E+00   0.20000E+00   0.14904E-08
   0.51471E+05   0.25111E+08   0.97405E+00   0.86504E-02   0.43252E-01   0.94810E+00   0.20000E+00   0.15484E-08
   0.53519E+05   0.27122E+08   0.97499E+00   0.83359E-02   0.41679E-01   0.94998E+00   0.20000E+00   0.16017E-08
   0.55649E+05   0.29296E+08   0.97590E+00   0.80322E-02   0.40161E-01   0.95181E+00   0.20000E+00   0.16751E-08
   0.57863E+05   0.31645E+08   0.97678E+00   0.77391E-02   0.38695E-01   0.95357E+00   0.20000E+00   0.17610E-08
   0.60166E+05   0.34183E+08   0.97763E+00   0.74561E-02   0.37281E-01   0.95526E+00   0.20000E+00   0.18107E-08
   0.62561E+05   0.36926E+08   0.97845E+00   0.71831E-02   0.35915E-01   0.95690E+00   0.20000E+00   0.18714E-08
   0.65050E+05   0.39891E+08   0.97924E+00   0.69196E-02   0.34598E-01   0.95848E+00   0.20000E+00   0.19670E-08
   0.67639E+05   0.43095E+08   0.98000E+00   0.66653E-02   0.33327E-01   0.96001E+00   0.20000E+00   0.20709E-08
   0.70331E+05   0.46557E+08   0.98074E+00   0.64200E-02   0.32100E-01   0.96148E+00   0.20000E+00   0.20937E-08
   0.73130E+05   0.50300E+08   0.98145E+00   0.61834E-02   0.30917E-01   0.96290E+00   0.20000E+00   0.22270E-08
   0.76040E+05   0.54344E+08   0.98213E+00   0.59552E-02   0.29776E-01   0.96427E+00   0.20000E+00   0.23051E-08
   0.79066E+05   0.58715E+08   0.98279E+00   0.57352E-02   0.28676E-01   0.96559E+00   0.20000E+00   0.24064E-08
   0.82213E+05   0.63440E+08   0.98343E+00   0.55229E-02   0.27615E-01   0.96686E+00   0.20000E+00   0.24765E-08
   0.85484E+05   0.68546E+08   0.98405E+00   0.53183E-02   0.26592E-01   0.96809E+00   0.20000E+00   0.25899E-08
   0.88886E+05   0.74065E+08   0.98464E+00   0.51210E-02   0.25605E-01   0.96927E+00   0.20000E+00   0.26992E-08
   0.92424E+05   0.80030E+08   0.98521E+00   0.49308E-02   0.24654E-01   0.97042E+00   0.20000E+00   0.28439E-08
   0.96102E+05   0.86477E+08   0.98576E+00   0.47475E-02   0.23737E-01   0.97152E+00   0.20000E+00   0.29073E-08
   0.99926E+05   0.93446E+08   0.98629E+00   0.45708E-02   0.22854E-01   0.97258E+00   0.20000E+00   0.30346E-08
   0.10390E+06   0.10098E+09   0.98680E+00   0.44004E-02   0.22002E-01   0.97360E+00   0.20000E+00   0.31477E-08
   0.10804E+06   0.10912E+09   0.98729E+00   0.42363E-02   0.21182E-01   0.97458E+00   0.20000E+00   0.32691E-08
   0.11234E+06   0.11792E+09   0.98777E+00   0.40781E-02   0.20391E-01   0.97553E+00   0.20000E+00   0.34207E-08
   0.11681E+06   0.12743E+09   0.98822E+00   0.39257E-02   0.19629E-01   0.97645E+00   0.20000E+00   0.35270E-08
   0.12146E+06   0.13772E+09   0.98866E+00   0.37789E-02   0.18894E-01   0.97733E+00   0.20000E+00   0.37375E-08
   0.12629E+06   0.14883E+09   0.98909E+00   0.36374E-02   0.18187E-01   0.97818E+00   0.20000E+00   0.38218E-08
   0.13132E+06   0.16084E+09   0.98950E+00   0.35011E-02   0.17506E-01   0.97899E+00   0.20000E+00   0.40146E-08
   0.13654E+06   0.17383E+09   0.98989E+00   0.33698E-02   0.16849E-01   0.97978E+00   0.20000E+00   0.41981E-08
   0.14198E+06   0.18787E+09   0.99027E+00   0.32434E-02   0.16217E-01   0.98054E+00   0.20000E+00   0.43047E-08
   0.14763E+06   0.20304E+09   0.99064E+00   0.31216E-02   0.15608E-01   0.98127E+00   0.20000E+00   0.45214E-08
   0.15350E+06   0.21945E+09   0.99099E+00   0.30043E-02   0.15021E-01   0.98197E+00   0.20000E+00   0.47310E-08
   0.15961E+06   0.23718E+09   0.99133E+00   0.28913E-02   0.14456E-01   0.98265E+00   0.20000E+00   0.48459E-08
   0.16596E+06   0.25635E+09   0.99165E+00   0.27825E-02   0.13912E-01   0.98331E+00   0.20000E+00   0.50499E-08
   0.17257E+06   0.27707E+09   0.99197E+00   0.26777E-02   0.13388E-01   0.98393E+00   0.20000E+00   0.52403E-08
   0.17943E+06   0.29947E+09   0.99227E+00   0.25768E-02   0.12884E-01   0.98454E+00   0.20000E+00   0.54439E-08
   0.18657E+06   0.32368E+09   0.99256E+00   0.24796E-02   0.12398E-01   0.98512E+00   0.20000E+00   0.56535E-08
   0.19400E+06   0.34986E+09   0.99284E+00   0.23861E-02   0.11930E-01   0.98568E+00   0.20000E+00   0.58703E-08
   0.20172E+06   0.37815E+09   0.99311E+00   0.22960E-02   0.11480E-01   0.98622E+00   0.20000E+00   0.61486E-08
   0.20975E+06   0.40874E+09   0.99337E+00   0.22093E-02   0.11047E-01   0.98674E+00   0.20000E+00   0.63475E-08
   0.21809E+06   0.44181E+09   0.99362E+00   0.21258E-02   0.10629E-01   0.98725E+00   0.20000E+00   0.66933E-08
   0.22677E+06   0.47756E+09   0.99386E+00   0.20455E-02   0.10227E-01   0.98773E+00   0.20000E+00   0.69515E-08
   0.23580E+06   0.51620E+09   0.99410E+00   0.19681E-02   0.98405E-02   0.98819E+00   0.20000E+00   0.71827E-08
   0.24518E+06   0.55798E+09   0.99432E+00   0.18936E-02   0.94682E-02   0.98864E+00   0.20000E+00   0.75211E-08
   0.25494E+06   0.60314E+09   0.99453E+00   0.18220E-02   0.91098E-02   0.98907E+00   0.20000E+00   0.77058E-08
   0.26508E+06   0.65196E+09   0.99474E+00   0.17530E-02   0.87648E-02   0.98948E+00   0.20000E+00   0.80528E-08
   0.27563E+06   0.70475E+09   0.99494E+00   0.16865E-02   0.84327E-02   0.98988E+00   0.20000E+00   0.83619E-08
   0.28660E+06   0.76181E+09   0.99513E+00   0.16226E-02   0.81131E-02   0.99026E+00   0.20000E+00   0.86544E-08
   0.29801E+06   0.82349E+09   0.99532E+00   0.15611E-02   0.78055E-02   0.99063E+00   0.20000E+00   0.89978E-08
   0.30987E+06   0.89018E+09   0.99549E+00   0.15019E-02   0.75095E-02   0.99099E+00   0.20000E+00   0.94505E-08
   0.32220E+06   0.96228E+09   0.99567E+00   0.14449E-02   0.72246E-02   0.99133E+00   0.20000E+00   0.98304E-08
   0.33502E+06   0.10402E+10   0.99583E+00   0.13901E-02   0.69504E-02   0.99166E+00   0.20000E+00   0.10172E-07
   0.34835E+06   0.11245E+10   0.99599E+00   0.13373E-02   0.66865E-02   0.99198E+00   0.20000E+00   0.10669E-07
   0.36222E+06   0.12156E+10   0.99614E+00   0.12865E-02   0.64325E-02   0.99228E+00   0.20000E+00   0.11032E-07
   0.37663E+06   0.13141E+10   0.99629E+00   0.12376E-02   0.61882E-02   0.99257E+00   0.20000E+00   0.11420E-07
   0.39162E+06   0.14205E+10   0.99643E+00   0.11906E-02   0.59530E-02   0.99286E+00   0.20000E+00   0.11961E-07
   0.40721E+06   0.15356E+10   0.99656E+00   0.11454E-02   0.57268E-02   0.99313E+00   0.20000E+00   0.12384E-07
   0.42341E+06   0.16601E+10   0.99669E+00   0.11018E-02   0.55090E-02   0.99339E+00   0.20000E+00   0.12733E-07
   0.44026E+06   0.17946E+10   0.99682E+00   0.10599E-02   0.52995E-02   0.99364E+00   0.20000E+00   0.13354E-07
   0.45778E+06   0.19400E+10   0.99694E+00   0.10196E-02   0.50979E-02   0.99388E+00   0.20000E+00   0.13844E-07
   0.47600E+06   0.20973E+10   0.99706E+00   0.98080E-03   0.49040E-02   0.99412E+00   0.20000E+00   0.14476E-07
   0.49494E+06   0.22673E+10   0.99717E+00   0.94347E-03   0.47174E-02   0.99434E+00   0.20000E+00   0.15159E-07
   0.51464E+06   0.24510E+10   0.99728E+00   0.90756E-03   0.45378E-02   0.99455E+00   0.20000E+00   0.15962E-07
   0.53512E+06   0.26497E+10   0.99738E+00   0.87301E-03   0.43650E-02   0.99476E+00   0.20000E+00   0.16332E-07
   0.55642E+06   0.28645E+10   0.99748E+00   0.83976E-03   0.41988E-02   0.99496E+00   0.20000E+00   0.17147E-07
   0.57856E+06   0.30968E+10   0.99758E+00   0.80778E-03   0.40389E-02   0.99515E+00   0.20000E+00   0.17720E-07
   0.60158E+06   0.33478E+10   0.99767E+00   0.77701E-03   0.38850E-02   0.99534E+00   0.20000E+00   0.18513E-07
   0.62552E+06   0.36193E+10   0.99776E+00   0.74740E-03   0.37370E-02   0.99552E+00   0.20000E+00   0.18956E-07
   0.65042E+06   0.39127E+10   0.99784E+00   0.71892E-03   0.35946E-02   0.99569E+00   0.20000E+00   0.19982E-07
   0.67630E+06   0.42300E+10   0.99793E+00   0.69152E-03   0.34576E-02   0.99585E+00   0.20000E+00   0.20614E-07
   0.70321E+06   0.45730E+10   0.99800E+00   0.66516E-03   0.33258E-02   0.99601E+00   0.20000E+00   0.21674E-07
   0.73120E+06   0.49438E+10   0.99808E+00   0.63980E-03   0.31990E-02   0.99616E+00   0.20000E+00   0.22276E-07
   0.76030E+06   0.53448E+10   0.99815E+00   0.61540E-03   0.30770E-02   0.99631E+00   0.20000E+00   0.23189E-07
   0.79056E+06   0.57782E+10   0.99822E+00   0.59193E-03   0.29597E-02   0.99645E+00   0.20000E+00   0.24273E-07
   0.82202E+06   0.62468E+10   0.99829E+00   0.56935E-03   0.28468E-02   0.99658E+00   0.20000E+00   0.25016E-07
   0.85473E+06   0.67535E+10   0.99836E+00   0.54764E-03   0.27382E-02   0.99671E+00   0.20000E+00   0.26117E-07
   0.88874E+06   0.73012E+10   0.99842E+00   0.52674E-03   0.26337E-02   0.99684E+00   0.20000E+00   0.27069E-07
   0.92411E+06   0.78934E+10   0.99848E+00   0.50664E-03   0.25332E-02   0.99696E+00   0.20000E+00   0.28283E-07
   0.96089E+06   0.85337E+10   0.99854E+00   0.48731E-03   0.24365E-02   0.99708E+00   0.20000E+00   0.29469E-07
   0.99913E+06   0.92259E+10   0.99859E+00   0.46871E-03   0.23436E-02   0.99719E+00   0.20000E+00   0.30211E-07
   0.10389E+07   0.99743E+10   0.99865E+00   0.45082E-03   0.22541E-02   0.99730E+00   0.20000E+00   0.31643E-07
   0.10802E+07   0.10783E+11   0.99870E+00   0.43361E-03   0.21681E-02   0.99740E+00   0.20000E+00   0.32583E-07
   0.11232E+07   0.11658E+11   0.99875E+00   0.41706E-03   0.20853E-02   0.99750E+00   0.20000E+00   0.34002E-07
   0.11679E+07   0.12604E+11   0.99880E+00   0.40113E-03   0.20057E-02   0.99759E+00   0.20000E+00   0.35826E-07
   0.12144E+07   0.13626E+11   0.99884E+00   0.38582E-03   0.19291E-02   0.99769E+00   0.20000E+00   0.36736E-07
   0.12627E+07   0.14732E+11   0.99889E+00   0.37108E-03   0.18554E-02   0.99777E+00   0.20000E+00   0.38203E-07
   0.13130E+07   0.15927E+11   0.99893E+00   0.35691E-03   0.17846E-02   0.99786E+00   0.20000E+00   0.40271E-07
   0.13652E+07   0.17219E+11   0.99897E+00   0.34328E-03   0.17164E-02   0.99794E+00   0.20000E+00   0.41387E-07
   0.14196E+07   0.18616E+11   0.99901E+00   0.33017E-03   0.16508E-02   0.99802E+00   0.20000E+00   0.43129E-07
   0.14761E+07   0.20127E+11   0.99905E+00   0.31756E-03   0.15878E-02   0.99809E+00   0.20000E+00   0.44834E-07
   0.15348E+07   0.21760E+11   0.99908E+00   0.30542E-03   0.15271E-02   0.99817E+00   0.20000E+00   0.46860E-07
   0.15959E+07   0.23525E+11   0.99912E+00   0.29376E-03   0.14688E-02   0.99824E+00   0.20000E+00   0.49036E-07
   0.16594E+07   0.25434E+11   0.99915E+00   0.28253E-03   0.14127E-02   0.99830E+00   0.20000E+00   0.51056E-07
   0.17254E+07   0.27498E+11   0.99918E+00   0.27174E-03   0.13587E-02   0.99837E+00   0.20000E+00   0.52519E-07
   0.17941E+07   0.29729E+11   0.99922E+00   0.26135E-03   0.13068E-02   0.99843E+00   0.20000E+00   0.54332E-07
   0.18655E+07   0.32141E+11   0.99925E+00   0.25136E-03   0.12568E-02   0.99849E+00   0.20000E+00   0.57036E-07
   0.19397E+07   0.34749E+11   0.99927E+00   0.24176E-03   0.12088E-02   0.99855E+00   0.20000E+00   0.59437E-07
   0.20169E+07   0.37569E+11   0.99930E+00   0.23252E-03   0.11626E-02   0.99860E+00   0.20000E+00   0.62191E-07
   0.20972E+07   0.40618E+11   0.99933E+00   0.22363E-03   0.11182E-02   0.99866E+00   0.20000E+00   0.63740E-07
   0.21806E+07   0.43914E+11   0.99935E+00   0.21508E-03   0.10754E-02   0.99871E+00   0.20000E+00   0.66242E-07
   0.22674E+07   0.47477E+11   0.99938E+00   0.20686E-03   0.10343E-02   0.99876E+00   0.20000E+00   0.69376E-07
   0.23576E+07   0.51330E+11   0.99940E+00   0.19895E-03   0.99477E-03   0.99881E+00   0.20000E+00   0.71974E-07
   0.24515E+07   0.55496E+11   0.99943E+00   0.19135E-03   0.95674E-03   0.99885E+00   0.20000E+00   0.75145E-07
   0.25490E+07   0.59999E+11   0.99945E+00   0.18403E-03   0.92016E-03   0.99890E+00   0.20000E+00   0.77997E-07
   0.26505E+07   0.64868E+11   0.99947E+00   0.17700E-03   0.88498E-03   0.99894E+00   0.20000E+00   0.80757E-07
   0.27559E+07   0.70133E+11   0.99949E+00   0.17023E-03   0.85115E-03   0.99898E+00   0.20000E+00   0.83387E-07
   0.28656E+07   0.75824E+11   0.99951E+00   0.16372E-03   0.81860E-03   0.99902E+00   0.20000E+00   0.87209E-07
   0.29797E+07   0.81978E+11   0.99953E+00   0.15746E-03   0.78730E-03   0.99906E+00   0.20000E+00   0.91012E-07
   0.30982E+07   0.88631E+11   0.99955E+00   0.15144E-03   0.75720E-03   0.99909E+00   0.20000E+00   0.93941E-07
   0.32215E+07   0.95824E+11   0.99956E+00   0.14565E-03   0.72824E-03   0.99913E+00   0.20000E+00   0.98276E-07
   0.33497E+07   0.10360E+12   0.99958E+00   0.14008E-03   0.70039E-03   0.99916E+00   0.20000E+00   0.10282E-06
   0.34831E+07   0.11201E+12   0.99960E+00   0.13472E-03   0.67361E-03   0.99919E+00   0.20000E+00   0.10635E-06
   0.36217E+07   0.12110E+12   0.99961E+00   0.12957E-03   0.64785E-03   0.99922E+00   0.20000E+00   0.11010E-06
   0.37658E+07   0.13093E+12   0.99963E+00   0.12461E-03   0.62307E-03   0.99925E+00   0.20000E+00   0.11486E-06
   0.39157E+07   0.14155E+12   0.99964E+00   0.11985E-03   0.59924E-03   0.99928E+00   0.20000E+00   0.12052E-06
   0.40715E+07   0.15304E+12   0.99965E+00   0.11526E-03   0.57632E-03   0.99931E+00   0.20000E+00   0.12493E-06
   0.42335E+07   0.16546E+12   0.99967E+00   0.11086E-03   0.55428E-03   0.99933E+00   0.20000E+00   0.12812E-06
   0.44020E+07   0.17889E+12   0.99968E+00   0.10662E-03   0.53308E-03   0.99936E+00   0.20000E+00   0.13438E-06
   0.45772E+07   0.19341E+12   0.99969E+00   0.10254E-03   0.51269E-03   0.99938E+00   0.20000E+00   0.13960E-06
   0.47593E+07   0.20911E+12   0.99970E+00   0.98616E-04   0.49308E-03   0.99941E+00   0.20000E+00   0.14450E-06
   0.49487E+07   0.22608E+12   0.99972E+00   0.94844E-04   0.47422E-03   0.99943E+00   0.20000E+00   0.14968E-06
   0.51457E+07   0.24443E+12   0.99973E+00   0.91216E-04   0.45608E-03   0.99945E+00   0.20000E+00   0.15780E-06
   0.53504E+07   0.26427E+12   0.99974E+00   0.87727E-04   0.43863E-03   0.99947E+00   0.20000E+00   0.16323E-06
   0.55634E+07   0.28572E+12   0.99975E+00   0.84371E-04   0.42185E-03   0.99949E+00   0.20000E+00   0.16951E-06
   0.57848E+07   0.30891E+12   0.99976E+00   0.81143E-04   0.40572E-03   0.99951E+00   0.20000E+00   0.17877E-06
   0.60150E+07   0.33398E+12   0.99977E+00   0.78039E-04   0.39020E-03   0.99953E+00   0.20000E+00   0.18371E-06
   0.62543E+07   0.36109E+12   0.99977E+00   0.75054E-04   0.37527E-03   0.99955E+00   0.20000E+00   0.19126E-06
   0.65032E+07   0.39040E+12   0.99978E+00   0.72183E-04   0.36091E-03   0.99957E+00   0.20000E+00   0.19681E-06
   0.67620E+07   0.42209E+12   0.99979E+00   0.69421E-04   0.34711E-03   0.99958E+00   0.20000E+00   0.20653E-06
   0.70311E+07   0.45634E+12   0.99980E+00   0.66765E-04   0.33383E-03   0.99960E+00   0.20000E+00   0.21383E-06
   0.73109E+07   0.49338E+12   0.99981E+00   0.64211E-04   0.32105E-03   0.99961E+00   0.20000E+00   0.22124E-06
   0.76019E+07   0.53343E+12   0.99981E+00   0.61754E-04   0.30877E-03   0.99963E+00   0.20000E+00   0.23298E-06
   0.79044E+07   0.57673E+12   0.99982E+00   0.59392E-04   0.29696E-03   0.99964E+00   0.20000E+00   0.24042E-06
   0.82190E+07   0.62354E+12   0.99983E+00   0.57119E-04   0.28560E-03   0.99966E+00   0.20000E+00   0.25083E-06
   0.85461E+07   0.67415E+12   0.99984E+00   0.54934E-04   0.27467E-03   0.99967E+00   0.20000E+00   0.26143E-06
   0.88862E+07   0.72887E+12   0.99984E+00   0.52832E-04   0.26416E-03   0.99968E+00   0.20000E+00   0.27369E-06
   0.92398E+07   0.78803E+12   0.99985E+00   0.50811E-04   0.25405E-03   0.99970E+00   0.20000E+00   0.28288E-06
   0.96075E+07   0.85200E+12   0.99985E+00   0.48867E-04   0.24433E-03   0.99971E+00   0.20000E+00   0.29170E-06
   0.99898E+07   0.92116E+12   0.99986E+00   0.46997E-04   0.23498E-03   0.99972E+00   0.20000E+00   0.30376E-06
   0.10387E+08   0.99592E+12   0.99986E+00   0.45199E-04   0.22599E-03   0.99973E+00   0.20000E+00   0.31782E-06
   0.10801E+08   0.10768E+13   0.99987E+00   0.43469E-04   0.21735E-03   0.99974E+00   0.20000E+00   0.32937E-06
   0.11231E+08   0.11642E+13   0.99987E+00   0.41806E-04   0.20903E-03   0.99975E+00   0.20000E+00   0.34343E-06
   0.11678E+08   0.12587E+13   0.99988E+00   0.40206E-04   0.20103E-03   0.99976E+00   0.20000E+00   0.35787E-06
   0.12142E+08   0.13608E+13   0.99988E+00   0.38668E-04   0.19334E-03   0.99977E+00   0.20000E+00   0.37306E-06
   0.12625E+08   0.14713E+13   0.99989E+00   0.37188E-04   0.18594E-03   0.99978E+00   0.20000E+00   0.38458E-06
   0.13128E+08   0.15907E+13   0.99989E+00   0.35765E-04   0.17883E-03   0.99979E+00   0.20000E+00   0.40076E-06
   0.13650E+08   0.17198E+13   0.99990E+00   0.34397E-04   0.17198E-03   0.99979E+00   0.20000E+00   0.41654E-06
   0.14194E+08   0.18594E+13   0.99990E+00   0.33081E-04   0.16540E-03   0.99980E+00   0.20000E+00   0.43261E-06
   0.14758E+08   0.20104E+13   0.99990E+00   0.31815E-04   0.15907E-03   0.99981E+00   0.20000E+00   0.44898E-06
   0.15346E+08   0.21735E+13   0.99991E+00   0.30597E-04   0.15299E-03   0.99982E+00   0.20000E+00   0.46488E-06
   0.15956E+08   0.23500E+13   0.99991E+00   0.29426E-04   0.14713E-03   0.99982E+00   0.20000E+00   0.48661E-06
   0.16591E+08   0.25407E+13   0.99992E+00   0.28300E-04   0.14150E-03   0.99983E+00   0.20000E+00   0.50420E-06
   0.17252E+08   0.27470E+13   0.99992E+00   0.27217E-04   0.13609E-03   0.99984E+00   0.20000E+00   0.52374E-06
   0.17938E+08   0.29699E+13   0.99992E+00   0.26176E-04   0.13088E-03   0.99984E+00   0.20000E+00   0.54324E-06
   0.18652E+08   0.32110E+13   0.99992E+00   0.25174E-04   0.12587E-03   0.99985E+00   0.20000E+00   0.56723E-06
   0.19394E+08   0.34717E+13   0.99993E+00   0.24211E-04   0.12105E-03   0.99985E+00   0.20000E+00   0.59341E-06
   0.20166E+08   0.37535E+13   0.99993E+00   0.23284E-04   0.11642E-03   0.99986E+00   0.20000E+00   0.60861E-06
   0.20969E+08   0.40581E+13   0.99993E+00   0.22393E-04   0.11197E-03   0.99987E+00   0.20000E+00   0.63940E-06
   0.21803E+08   0.43876E+13   0.99994E+00   0.21536E-04   0.10768E-03   0.99987E+00   0.20000E+00   0.67088E-06
   0.22671E+08   0.47437E+13   0.99994E+00   0.20712E-04   0.10356E-03   0.99988E+00   0.20000E+00   0.69384E-06
   0.23573E+08   0.51288E+13   0.99994E+00   0.19920E-04   0.99598E-04   0.99988E+00   0.20000E+00   0.72497E-06
   0.24511E+08   0.55451E+13   0.99994E+00   0.19157E-04   0.95787E-04   0.99989E+00   0.20000E+00   0.75008E-06
   0.25487E+08   0.59952E+13   0.99994E+00   0.18424E-04   0.92121E-04   0.99989E+00   0.20000E+00   0.77485E-06
   0.26501E+08   0.64818E+13   0.99995E+00   0.17719E-04   0.88596E-04   0.99989E+00   0.20000E+00   0.80961E-06
   0.27556E+08   0.70080E+13   0.99995E+00   0.17041E-04   0.85205E-04   0.99990E+00   0.20000E+00   0.84050E-06
   0.28652E+08   0.75769E+13   0.99995E+00   0.16389E-04   0.81945E-04   0.99990E+00   0.20000E+00   0.87522E-06
   0.29792E+08   0.81919E+13   0.99995E+00   0.15762E-04   0.78809E-04   0.99991E+00   0.20000E+00   0.91353E-06
   0.30978E+08   0.88569E+13   0.99995E+00   0.15159E-04   0.75793E-04   0.99991E+00   0.20000E+00   0.93817E-06
   0.32211E+08   0.95758E+13   0.99996E+00   0.14578E-04   0.72892E-04   0.99991E+00   0.20000E+00   0.97939E-06
   0.33493E+08   0.10353E+14   0.99996E+00   0.14021E-04   0.70103E-04   0.99992E+00   0.20000E+00   0.10189E-05
   0.34825E+08   0.11194E+14   0.99996E+00   0.13484E-04   0.67420E-04   0.99992E+00   0.20000E+00   0.10617E-05
   0.36211E+08   0.12102E+14   0.99996E+00   0.12968E-04   0.64840E-04   0.99992E+00   0.20000E+00   0.10961E-05
   0.37652E+08   0.13085E+14   0.99996E+00   0.12472E-04   0.62358E-04   0.99993E+00   0.20000E+00   0.11521E-05
   0.39151E+08   0.14147E+14   0.99996E+00   0.11994E-04   0.59972E-04   0.99993E+00   0.20000E+00   0.11996E-05
   0.40709E+08   0.15295E+14   0.99997E+00   0.11535E-04   0.57677E-04   0.99993E+00   0.20000E+00   0.12387E-05
   0.42329E+08   0.16537E+14   0.99997E+00   0.11094E-04   0.55469E-04   0.99993E+00   0.20000E+00   0.12879E-05
   0.44013E+08   0.17879E+14   0.99997E+00   0.10669E-04   0.53347E-04   0.99994E+00   0.20000E+00   0.13597E-05
   0.45765E+08   0.19330E+14   0.99997E+00   0.10261E-04   0.51305E-04   0.99994E+00   0.20000E+00   0.13917E-05
   0.47586E+08   0.20899E+14   0.99997E+00   0.98683E-05   0.49342E-04   0.99994E+00   0.20000E+00   0.14562E-05
   0.49480E+08   0.22596E+14   0.99997E+00   0.94907E-05   0.47453E-04   0.99994E+00   0.20000E+00   0.15032E-05
   0.51449E+08   0.24430E+14   0.99997E+00   0.91275E-05   0.45637E-04   0.99995E+00   0.20000E+00   0.15668E-05
   0.53497E+08   0.26413E+14   0.99997E+00   0.87782E-05   0.43891E-04   0.99995E+00   0.20000E+00   0.16301E-05
   0.55625E+08   0.28557E+14   0.99997E+00   0.84422E-05   0.42211E-04   0.99995E+00   0.20000E+00   0.17019E-05
   0.57839E+08   0.30875E+14   0.99998E+00   0.81191E-05   0.40595E-04   0.99995E+00   0.20000E+00   0.17674E-05
   0.60141E+08   0.33381E+14   0.99998E+00   0.78084E-05   0.39042E-04   0.99995E+00   0.20000E+00   0.18272E-05
   0.62534E+08   0.36091E+14   0.99998E+00   0.75096E-05   0.37548E-04   0.99995E+00   0.20000E+00   0.19020E-05
   0.65023E+08   0.39021E+14   0.99998E+00   0.72222E-05   0.36111E-04   0.99996E+00   0.20000E+00   0.19749E-05
   0.67611E+08   0.42188E+14   0.99998E+00   0.69458E-05   0.34729E-04   0.99996E+00   0.20000E+00   0.20532E-05
   0.70301E+08   0.45613E+14   0.99998E+00   0.66799E-05   0.33399E-04   0.99996E+00   0.20000E+00   0.21813E-05
   0.73099E+08   0.49316E+14   0.99998E+00   0.64243E-05   0.32121E-04   0.99996E+00   0.20000E+00   0.22306E-05
   0.76008E+08   0.53319E+14   0.99998E+00   0.61784E-05   0.30892E-04   0.99996E+00   0.20000E+00   0.23308E-05
   0.79033E+08   0.57647E+14   0.99998E+00   0.59420E-05   0.29710E-04   0.99996E+00   0.20000E+00   0.24221E-05
   0.82178E+08   0.62326E+14   0.99998E+00   0.57146E-05   0.28573E-04   0.99997E+00   0.20000E+00   0.25141E-05
   0.85448E+08   0.67386E+14   0.99998E+00   0.54959E-05   0.27479E-04   0.99997E+00   0.20000E+00   0.26140E-05
   0.88849E+08   0.72856E+14   0.99998E+00   0.52855E-05   0.26427E-04   0.99997E+00   0.20000E+00   0.27104E-05
   0.92384E+08   0.78770E+14   0.99998E+00   0.50832E-05   0.25416E-04   0.99997E+00   0.20000E+00   0.28098E-05
   0.96061E+08   0.85164E+14   0.99999E+00   0.48887E-05   0.24443E-04   0.99997E+00   0.20000E+00   0.29263E-05
   0.99884E+08   0.92077E+14   0.99999E+00   0.47016E-05   0.23508E-04   0.99997E+00   0.20000E+00   0.30455E-05
   0.10386E+09   0.99551E+14   0.99999E+00   0.45217E-05   0.22608E-04   0.99997E+00   0.20000E+00   0.31838E-05
   0.10799E+09   0.10763E+15   0.99999E+00   0.43486E-05   0.21743E-04   0.99997E+00   0.20000E+00   0.32850E-05
   0.11229E+09   0.11637E+15   0.99999E+00   0.41822E-05   0.20911E-04   0.99997E+00   0.20000E+00   0.34424E-05
   0.11676E+09   0.12582E+15   0.99999E+00   0.40221E-05   0.20110E-04   0.99998E+00   0.20000E+00   0.35658E-05
   0.12140E+09   0.13603E+15   0.99999E+00   0.38682E-05   0.19341E-04   0.99998E+00   0.20000E+00   0.36882E-05
   0.12624E+09   0.14707E+15   0.99999E+00   0.37202E-05   0.18601E-04   0.99998E+00   0.20000E+00   0.38565E-05
   0.13126E+09   0.15901E+15   0.99999E+00   0.35778E-05   0.17889E-04   0.99998E+00   0.20000E+00   0.39772E-05
   0.13648E+09   0.17192E+15   0.99999E+00   0.34409E-05   0.17204E-04   0.99998E+00   0.20000E+00   0.41451E-05
   0.14191E+09   0.18587E+15   0.99999E+00   0.33092E-05   0.16546E-04   0.99998E+00   0.20000E+00   0.43530E-05
   0.14756E+09   0.20096E+15   0.99999E+00   0.31825E-05   0.15912E-04   0.99998E+00   0.20000E+00   0.45140E-05
   0.15343E+09   0.21727E+15   0.99999E+00   0.30607E-05   0.15303E-04   0.99998E+00   0.20000E+00   0.47191E-05
   0.15954E+09   0.23491E+15   0.99999E+00   0.29436E-05   0.14718E-04   0.99998E+00   0.20000E+00   0.48827E-05
   0.16589E+09   0.25398E+15   0.99999E+00   0.28309E-05   0.14154E-04   0.99998E+00   0.20000E+00   0.50485E-05
   0.17249E+09   0.27460E+15   0.99999E+00   0.27226E-05   0.13613E-04   0.99998E+00   0.20000E+00   0.52741E-05
   0.17936E+09   0.29689E+15   0.99999E+00   0.26184E-05   0.13092E-04   0.99998E+00   0.20000E+00   0.54727E-05
   0.18649E+09   0.32099E+15   0.99999E+00   0.25182E-05   0.12591E-04   0.99998E+00   0.20000E+00   0.56575E-05
   0.19392E+09   0.34704E+15   0.99999E+00   0.24218E-05   0.12109E-04   0.99999E+00   0.20000E+00   0.59560E-05
   0.20163E+09   0.37521E+15   0.99999E+00   0.23291E-05   0.11645E-04   0.99999E+00   0.20000E+00   0.61033E-05
   0.20966E+09   0.40567E+15   0.99999E+00   0.22400E-05   0.11200E-04   0.99999E+00   0.20000E+00   0.64200E-05
   0.21800E+09   0.43860E+15   0.99999E+00   0.21542E-05   0.10771E-04   0.99999E+00   0.20000E+00   0.66682E-05
   0.22668E+09   0.47421E+15   0.99999E+00   0.20718E-05   0.10359E-04   0.99999E+00   0.20000E+00   0.68805E-05
   0.23570E+09   0.51270E+15   0.99999E+00   0.19925E-05   0.99623E-05   0.99999E+00   0.20000E+00   0.71482E-05
   0.24508E+09   0.55432E+15   0.99999E+00   0.19163E-05   0.95811E-05   0.99999E+00   0.20000E+00   0.74590E-05
   0.25483E+09   0.59932E+15   0.99999E+00   0.18429E-05   0.92144E-05   0.99999E+00   0.20000E+00   0.77037E-05
   0.26497E+09   0.64797E+15   0.99999E+00   0.17724E-05   0.88617E-05   0.99999E+00   0.20000E+00   0.80488E-05
   0.27551E+09   0.70056E+15   0.99999E+00   0.17046E-05   0.85226E-05   0.99999E+00   0.20001E+00   0.84156E-05
   0.28648E+09   0.75743E+15   0.10000E+01   0.16393E-05   0.81964E-05   0.99999E+00   0.20001E+00   0.87317E-05
   0.29788E+09   0.81892E+15   0.10000E+01   0.15766E-05   0.78827E-05   0.99999E+00   0.20001E+00   0.91006E-05
   0.30973E+09   0.88539E+15   0.10000E+01   0.15162E-05   0.75810E-05   0.99999E+00   0.20001E+00   0.93576E-05
   0.32206E+09   0.95726E+15   0.10000E+01   0.14582E-05   0.72909E-05   0.99999E+00   0.20001E+00   0.97887E-05
   0.33488E+09   0.10350E+16   0.10000E+01   0.14024E-05   0.70118E-05   0.99999E+00   0.20001E+00   0.10273E-04
   0.34820E+09   0.11190E+16   0.10000E+01   0.13487E-05   0.67435E-05   0.99999E+00   0.20001E+00   0.10645E-04
   0.36206E+09   0.12098E+16   0.10000E+01   0.12971E-05   0.64854E-05   0.99999E+00   0.20001E+00   0.11071E-04
   0.37647E+09   0.13080E+16   0.10000E+01   0.12475E-05   0.62372E-05   0.99999E+00   0.20001E+00   0.11407E-04
   0.39145E+09   0.14142E+16   0.10000E+01   0.11997E-05   0.59984E-05   0.99999E+00   0.20001E+00   0.11937E-04
   0.40703E+09   0.15290E+16   0.10000E+01   0.11538E-05   0.57689E-05   0.99999E+00   0.20001E+00   0.12483E-04
   0.42323E+09   0.16531E+16   0.10000E+01   0.11097E-05   0.55481E-05   0.99999E+00   0.20001E+00   0.12981E-04
   0.44007E+09   0.17873E+16   0.10000E+01   0.10672E-05   0.53357E-05   0.99999E+00   0.20001E+00   0.13596E-04
   0.45758E+09   0.19324E+16   0.10000E+01   0.10263E-05   0.51315E-05   0.99999E+00   0.20001E+00   0.13968E-04
   0.47579E+09   0.20893E+16   0.10000E+01   0.98707E-06   0.49351E-05   0.99999E+00   0.20001E+00   0.14555E-04
   0.49473E+09   0.22589E+16   0.10000E+01   0.94929E-06   0.47463E-05   0.99999E+00   0.20001E+00   0.15100E-04
   0.51442E+09   0.24422E+16   0.10000E+01   0.91296E-06   0.45646E-05   0.99999E+00   0.20001E+00   0.15629E-04
   0.53489E+09   0.26405E+16   0.10000E+01   0.87802E-06   0.43899E-05   0.99999E+00   0.20001E+00   0.16145E-04
   0.55617E+09   0.28548E+16   0.10000E+01   0.84442E-06   0.42219E-05   0.99999E+00   0.20001E+00   0.16898E-04
   0.57831E+09   0.30865E+16   0.10000E+01   0.81210E-06   0.40603E-05   0.10000E+01   0.20001E+00   0.17666E-04
   0.60132E+09   0.33371E+16   0.10000E+01   0.78102E-06   0.39049E-05   0.10000E+01   0.20001E+00   0.18093E-04
   0.62525E+09   0.36080E+16   0.10000E+01   0.75113E-06   0.37555E-05   0.10000E+01   0.20001E+00   0.19240E-04
   0.65013E+09   0.39009E+16   0.10000E+01   0.72239E-06   0.36117E-05   0.10000E+01   0.20001E+00   0.19810E-04
   0.67601E+09   0.42175E+16   0.10000E+01   0.69474E-06   0.34735E-05   0.10000E+01   0.20001E+00   0.20407E-04
   0.70291E+09   0.45599E+16   0.10000E+01   0.66815E-06   0.33406E-05   0.10000E+01   0.20001E+00   0.21248E-04
   0.73088E+09   0.49300E+16   0.10000E+01   0.64258E-06   0.32127E-05   0.10000E+01   0.20001E+00   0.22439E-04
   0.75997E+09   0.53302E+16   0.10000E+01   0.61799E-06   0.30897E-05   0.10000E+01   0.20001E+00   0.23254E-04
   0.79021E+09   0.57629E+16   0.10000E+01   0.59434E-06   0.29715E-05   0.10000E+01   0.20001E+00   0.24009E-04
   0.82166E+09   0.62307E+16   0.10000E+01   0.57160E-06   0.28578E-05   0.10000E+01   0.20002E+00   0.25036E-04
   0.85436E+09   0.67365E+16   0.10000E+01   0.54972E-06   0.27484E-05   0.10000E+01   0.20002E+00   0.26281E-04
   0.88836E+09   0.72833E+16   0.10000E+01   0.52868E-06   0.26432E-05   0.10000E+01   0.20002E+00   0.27313E-04
   0.92371E+09   0.78746E+16   0.10000E+01   0.50845E-06   0.25420E-05   0.10000E+01   0.20002E+00   0.28014E-04
   0.96047E+09   0.85138E+16   0.10000E+01   0.48899E-06   0.24448E-05   0.10000E+01   0.20002E+00   0.29354E-04
   0.99869E+09   0.92049E+16   0.10000E+01   0.47028E-06   0.23512E-05   0.10000E+01   0.20002E+00   0.30272E-04
   0.10384E+10   0.99521E+16   0.10000E+01   0.45228E-06   0.22612E-05   0.10000E+01   0.20002E+00   0.31569E-04
