 ### omegam = 0.20; h = 0.70; omega_radiaton = 0.00008517
  0.0000000E+00   1.000000     -0.6998296    
  3.9795857E-02   1.012351     -0.6707244    
  8.1175424E-02   1.026059     -0.6396441    
  0.1242017       1.041254     -0.6066153    
  0.1689403       1.058077     -0.5716962    
  0.2154593       1.076676     -0.5349792    
  0.2638295       1.097208     -0.4965921    
  0.3141247       1.119843     -0.4566984    
  0.3664214       1.144755     -0.4154962    
  0.4207993       1.172129     -0.3732149    
  0.4773413       1.202161     -0.3301113    
  0.5361333       1.235052     -0.2864636    
  0.5972651       1.271014     -0.2425646    
  0.6608296       1.310265     -0.1987140    
  0.7269237       1.353034     -0.1552098    
  0.7956482       1.399557     -0.1123410    
  0.8671075       1.450080     -7.0379488E-02
  0.9414107       1.504855     -2.9573811E-02
   1.018671       1.564148      9.8564131E-03
   1.099005       1.628232      4.7724191E-02
   1.182537       1.697391      8.3877511E-02
   1.269393       1.771924      0.1182002    
   1.359706       1.852140      0.1506111    
   1.453612       1.938364      0.1810627    
   1.551256       2.030936      0.2095381    
   1.652785       2.130213      0.2360479    
   1.758355       2.236570      0.2606262    
   1.868126       2.350405      0.2833268    
   1.982266       2.472135      0.3042194    
   2.100947       2.602202      0.3233859    
   2.224352       2.741073      0.3409168    
   2.352668       2.889244      0.3569083    
   2.486090       3.047239      0.3714597    
   2.624822       3.215614      0.3846712    
   2.769075       3.394959      0.3966420    
   2.919069       3.585901      0.4074691    
   3.075032       3.789103      0.4172457    
   3.237201       4.005272      0.4260610    
   3.405824       4.235157      0.4339993    
   3.581157       4.479552      0.4411396    
   3.763469       4.739303      0.4475560    
   3.953035       5.015306      0.4533166    
   4.150145       5.308514      0.4584848    
   4.355100       5.619937      0.4631186    
   4.568211       5.950650      0.4672712    
   4.789802       6.301790      0.4709911    
   5.020212       6.674568      0.4743224    
   5.259792       7.070267      0.4773052    
   5.508905       7.490251      0.4799758    
   5.767933       7.935965      0.4823670    
   6.037269       8.408945      0.4845083    
   6.317323       8.910819      0.4864264    
   6.608522       9.443316      0.4881454    
   6.911310       10.00827      0.4896866    
   7.226147       10.60763      0.4910696    
   7.553514       11.24345      0.4923117    
   7.893908       11.91794      0.4934285    
   8.247849       12.63341      0.4944338    
   8.615874       13.39233      0.4953402    
   8.998547       14.19732      0.4961588    
   9.396447       15.05116      0.4968997    
   9.810183       15.95678      0.4975717    
   10.24038       16.91732      0.4981830    
   10.68770       17.93608      0.4987405    
   11.15283       19.01660      0.4992508    
   11.63646       20.16258      0.4997196    
   12.13934       21.37801      0.5001520    
   12.66223       22.66707      0.5005525    
   13.20593       24.03423      0.5009254    
   13.77127       25.48419      0.5012743    
   14.35910       27.02200      0.5016025    
   14.97033       28.65295      0.5019129    
   15.60588       30.38271      0.5022083    
   16.26673       32.21725      0.5024911    
   16.95387       34.16293      0.5027633    
   17.66836       36.22649      0.5030271    
   18.41129       38.41509      0.5032842    
   19.18377       40.73632      0.5035361    
   19.98701       43.19823      0.5037844    
   20.82220       45.80937      0.5040304    
   21.69063       48.57881      0.5042754    
   22.59363       51.51616      0.5045204    
   23.53255       54.63165      0.5047665    
   24.50885       57.93611      0.5050147    
   25.52400       61.44104      0.5052658    
   26.57954       65.15865      0.5055208    
   27.67709       69.10190      0.5057805    
   28.81832       73.28453      0.5060455    
   30.00497       77.72114      0.5063165    
   31.23884       82.42722      0.5065945    
   32.52181       87.41923      0.5068798    
   33.85584       92.71461      0.5071732    
   35.24295       98.33190      0.5074754    
   36.68528       104.2908      0.5077869    
   38.18499       110.6121      0.5081084    
   39.74439       117.3181      0.5084403    
   41.36585       124.4323      0.5087834    
   43.05184       131.9797      0.5091382    
   44.80492       139.9868      0.5095053    
   46.62776       148.4819      0.5098853    
   48.52315       157.4949      0.5102788    
   50.49397       167.0576      0.5106863    
   52.54321       177.2038      0.5111086    
   54.67401       187.9694      0.5115463    
   56.88961       199.3925      0.5119998    
   59.19337       211.5136      0.5124699    
   61.58882       224.3757      0.5129574    
   64.07960       238.0246      0.5134627    
   66.66949       252.5088      0.5139867    
   69.36246       267.8800      0.5145299    
   72.16260       284.1930      0.5150933    
   75.07417       301.5062      0.5156773    
   78.10160       319.8815      0.5162829    
   81.24951       339.3849      0.5169107    
   84.52271       360.0864      0.5175616    
   87.92616       382.0605      0.5182363    
   91.46505       405.3865      0.5189359    
   95.14478       430.1485      0.5196609    
   98.97094       456.4362      0.5204123    
   102.9494       484.3449      0.5211911    
   107.0861       513.9760      0.5219981    
   111.3875       545.4373      0.5228342    
   115.8601       578.8436      0.5237005    
   120.5106       614.3171      0.5245978    
   125.3462       651.9877      0.5255272    
   130.3743       691.9940      0.5264896    
   135.6024       734.4830      0.5274863    
   141.0386       779.6118      0.5285180    
   146.6912       827.5474      0.5295861    
   152.5687       878.4676      0.5306914    
   158.6801       932.5619      0.5318353    
   165.0347       990.0322      0.5330188    
   171.6422       1051.094      0.5342430    
   178.5126       1115.975      0.5355091    
   185.6565       1184.921      0.5368183    
   193.0846       1258.192      0.5381718    
   200.8084       1336.066      0.5395707    
   208.8395       1418.838      0.5410164    
   217.1903       1506.824      0.5425100    
   225.8734       1600.362      0.5440528    
   234.9020       1699.810      0.5456459    
   244.2899       1805.552      0.5472907    
   254.0514       1917.997      0.5489883    
   264.2014       2037.582      0.5507401    
   274.7553       2164.773      0.5525472    
   285.7292       2300.069      0.5544108    
   297.1399       2444.000      0.5563322    
   309.0046       2597.137      0.5583125    
   321.3415       2760.085      0.5603530    
   334.1694       2933.494      0.5624549    
   347.5077       3118.057      0.5646191    
   361.3769       3314.516      0.5668469    
   375.7980       3523.664      0.5691393    
   390.7930       3746.349      0.5714973    
   406.3847       3983.480      0.5739220    
   422.5970       4236.026      0.5764142    
   439.4543       4505.027      0.5789748    
   456.9826       4791.596      0.5816048    
   475.2084       5096.924      0.5843047    
   494.1595       5422.286      0.5870755    
   513.8649       5769.050      0.5899176    
   534.3543       6138.679      0.5928316    
   555.6592       6532.743      0.5958179    
   577.8120       6952.924      0.5988770    
   600.8463       7401.024      0.6020091    
   624.7972       7878.977      0.6052144    
   649.7014       8388.857      0.6084930    
   675.5966       8932.891      0.6118447    
   702.5223       9513.462      0.6152696    
   730.5196       10133.14      0.6187672    
   759.6310       10794.66      0.6223372    
   789.9011       11500.99      0.6259791    
   821.3756       12255.30      0.6296921    
   854.1028       13060.99      0.6334755    
   888.1323       13921.72      0.6373284    
   923.5161       14841.42      0.6412496    
   960.3080       15824.33      0.6452379    
   998.5641       16874.98      0.6492921    
   1038.343       17998.25      0.6534104    
   1079.704       19199.41      0.6575912    
   1122.712       20484.09      0.6618329    
   1167.431       21858.38      0.6661332    
   1213.929       23328.80      0.6704903    
   1262.279       24902.41      0.6749017    
   1312.552       26586.77      0.6793652    
   1364.826       28390.02      0.6838782    
   1419.180       30320.95      0.6884379    
   1475.697       32389.00      0.6930417    
   1534.464       34604.35      0.6976866    
   1595.569       36977.95      0.7023696    
   1659.106       39521.61      0.7070875    
   1725.171       42248.05      0.7118372    
   1793.865       45170.98      0.7166152    
   1865.294       48305.16      0.7214181    
   1939.564       51666.51      0.7262426    
   2016.791       55272.19      0.7310849    
   2097.091       59140.68      0.7359416    
   2180.586       63291.95      0.7408090    
   2267.404       67747.48      0.7456833    
   2357.677       72530.46      0.7505609    
   2451.542       77665.91      0.7554381    
   2549.144       83180.79      0.7603112    
   2650.629       89104.20      0.7651764    
   2756.153       95467.53      0.7700301    
   2865.876       102304.6      0.7748687    
   2979.966       109652.1      0.7796885    
   3098.596       117549.2      0.7844860    
   3221.947       126038.7      0.7892578    
   3350.207       135166.4      0.7940004    
   3483.571       144981.8      0.7987106    
   3622.242       155538.5      0.8033851    
   3766.432       166894.1      0.8080208    
   3916.360       179111.1      0.8126147    
   4072.255       192256.7      0.8171639    
   4234.354       206403.6      0.8216658    
   4402.903       221630.1      0.8261175    
   4578.161       238021.0      0.8305166    
   4760.392       255667.7      0.8348609    
   4949.876       274669.0      0.8391479    
   5146.900       295131.6      0.8433757    
   5351.765       317170.4      0.8475423    
   5564.783       340910.1      0.8516461    
   5786.278       366484.9      0.8556852    
   6016.588       394039.8      0.8596582    
   6256.063       423731.7      0.8635638    
   6505.068       455729.8      0.8674008    
   6763.983       490216.9      0.8711681    
   7033.201       527390.6      0.8748648    
   7313.133       567464.4      0.8784902    
   7604.205       610668.7      0.8820436    
   7906.861       657252.5      0.8855245    
   8221.562       707485.1      0.8889325    
   8548.785       761656.9      0.8922675    
   8889.031       820082.4      0.8955292    
   9242.817       883100.6      0.8987176    
   9610.683       951078.4      0.9018329    
   9993.188       1024412.      0.9048753    
   10390.92       1103529.      0.9078450    
   10804.47       1188893.      0.9107423    
   11234.48       1281003.      0.9135680    
   11681.61       1380400.      0.9163224    
   12146.53       1487668.      0.9190062    
   12629.95       1603436.      0.9216201    
   13132.61       1728387.      0.9241649    
   13655.27       1863258.      0.9266415    
   14198.74       2008845.      0.9290507    
   14763.83       2166008.      0.9313936    
   15351.41       2335678.      0.9336710    
   15962.37       2518858.      0.9358841    
   16597.64       2716637.      0.9380338    
   17258.20       2930187.      0.9401214    
   17945.04       3160777.      0.9421480    
   18659.22       3409780.      0.9441147    
   19401.82       3678676.      0.9460226    
   20173.97       3969070.      0.9478731    
   20976.86       4282690.      0.9496673    
   21811.69       4621412.      0.9514065    
   22679.74       4987256.      0.9530918    
   23582.34       5382409.      0.9547246    
   24520.86       5809236.      0.9563059    
   25496.73       6270290.      0.9578372    
   26511.43       6768336.      0.9593196    
   27566.52       7306356.      0.9607543    
   28663.59       7887578.      0.9621426    
   29804.32       8515491.      0.9634858    
   30990.45       9193864.      0.9647849    
   32223.78       9926773.      0.9660411    
   33506.20      1.0718625E+07  0.9672557    
   34839.64      1.1574182E+07  0.9684297    
   36226.16      1.2498592E+07  0.9695645    
   37667.85      1.3497420E+07  0.9706610    
   39166.91      1.4576683E+07  0.9717203    
   40725.63      1.5742885E+07  0.9727437    
   42346.38      1.7003056E+07  0.9737321    
   44031.63      1.8364794E+07  0.9746865    
   45783.95      1.9836320E+07  0.9756081    
   47606.00      2.1426510E+07  0.9764978    
   49500.56      2.3144970E+07  0.9773565    
   51470.52      2.5002076E+07  0.9781853    
   53518.88      2.7009052E+07  0.9789851    
   55648.74      2.9178028E+07  0.9797569    
   57863.37      3.1522116E+07  0.9805014    
   60166.13      3.4055492E+07  0.9812196    
   62560.54      3.6793488E+07  0.9819124    
   65050.23      3.9752668E+07  0.9825805    
   67639.00      4.2950944E+07  0.9832249    
   70330.79      4.6407680E+07  0.9838462    
   73129.70      5.0143812E+07  0.9844452    
   76040.00      5.4181972E+07  0.9850227    
   79066.12      5.8546628E+07  0.9855794    
   82212.66      6.3264232E+07  0.9861160    
   85484.42      6.8363376E+07  0.9866331    
   88886.39      7.3874976E+07  0.9871315    
   92423.74      7.9832464E+07  0.9876119    
   96101.86      8.6271968E+07  0.9880747    
   99926.36      9.3232544E+07  0.9885206    
   103903.1      1.0075644E+08  0.9889503    
   108038.0      1.0888931E+08  0.9893641    
   112337.5      1.1768051E+08  0.9897629    
   116808.1      1.2718342E+08  0.9901470    
   121456.6      1.3745573E+08  0.9905170    
   126290.1      1.4855981E+08  0.9908733    
   131316.0      1.6056309E+08  0.9912164    
   136541.9      1.7353850E+08  0.9915469    
   141975.7      1.8756485E+08  0.9918652    
   147625.8      2.0272736E+08  0.9921716    
   153500.8      2.1911816E+08  0.9924667    
   159609.5      2.3683686E+08  0.9927509    
   165961.3      2.5599114E+08  0.9930245    
   172565.9      2.7669744E+08  0.9932879    
   179433.4      2.9908160E+08  0.9935414    
   186574.1      3.2327974E+08  0.9937855    
   193999.0      3.4943894E+08  0.9940205    
   201719.4      3.7771834E+08  0.9942467    
   209747.1      4.0828986E+08  0.9944645    
   218094.2      4.4133942E+08  0.9946741    
   226773.5      4.7706806E+08  0.9948758    
   235798.1      5.1569312E+08  0.9950700    
   245182.0      5.5744947E+08  0.9952569    
   254939.2      6.0259130E+08  0.9954368    
   265084.8      6.5139309E+08  0.9956099    
   275634.1      7.0415187E+08  0.9957765    
   286603.2      7.6118861E+08  0.9959369    
   298008.9      8.2285043E+08  0.9960911    
   309868.5      8.8951258E+08  0.9962396    
   322200.0      9.6158074E+08  0.9963825    
   335022.2      1.0394935E+09  0.9965200    
   348354.8      1.1237251E+09  0.9966523    
   362217.9      1.2147884E+09  0.9967796    
   376632.7      1.3132374E+09  0.9969020    
   391621.2      1.4196716E+09  0.9970199    
   407206.1      1.5347389E+09  0.9971333    
   423411.3      1.6591400E+09  0.9972425    
   440261.3      1.7936320E+09  0.9973474    
   457782.0      1.9390340E+09  0.9974484    
   475999.8      2.0962312E+09  0.9975456    
   494942.7      2.2661806E+09  0.9976391    
   514639.4      2.4499174E+09  0.9977291    
   535119.9      2.6485604E+09  0.9978156    
   556415.6      2.8633190E+09  0.9978988    
   578558.6      3.0955011E+09  0.9979789    
   601582.9      3.3465208E+09  0.9980560    
   625523.4      3.6179069E+09  0.9981301    
   650416.8      3.9113121E+09  0.9982014    
   676300.7      4.2285235E+09  0.9982700    
   703214.7      4.5714729E+09  0.9983360    
   731199.8      4.9422495E+09  0.9983995    
   760298.5      5.3431112E+09  0.9984605    
   790555.2      5.7765002E+09  0.9985193    
   822016.1      6.2450560E+09  0.9985758    
   854729.0      6.7516329E+09  0.9986302    
   888743.8      7.2993172E+09  0.9986824    
   924112.1      7.8914442E+09  0.9987327    
   960887.9      8.5316219E+09  0.9987811    
   999127.4      9.2237496E+09  0.9988277    
   1038888.      9.9720438E+09  0.9988725    
   1080232.      1.0781063E+10  0.9989155    
   1123221.      1.1655737E+10  0.9989569    
   1167920.      1.2601393E+10  0.9989967    
   1214399.      1.3623794E+10  0.9990351    
   1262727.      1.4729167E+10  0.9990720    
   1312978.      1.5924248E+10  0.9991074    
   1365229.      1.7216317E+10  0.9991415    
   1419560.      1.8613248E+10  0.9991743    
   1476052.      2.0123550E+10  0.9992059    
   1534793.      2.1756426E+10  0.9992362    
   1595872.      2.3521825E+10  0.9992654    
   1659381.      2.5430503E+10  0.9992934    
   1725418.      2.7494093E+10  0.9993204    
   1794082.      2.9725164E+10  0.9993464    
   1865479.      3.2137314E+10  0.9993714    
   1939717.      3.4745238E+10  0.9993954    
   2016910.      3.7564830E+10  0.9994186    
   2097175.      4.0613265E+10  0.9994408    
   2180634.      4.3909124E+10  0.9994622    
   2267414.      4.7472488E+10  0.9994828    
   2357648.      5.1325071E+10  0.9995025    
   2451472.      5.5490351E+10  0.9995216    
   2549031.      5.9993702E+10  0.9995399    
   2650472.      6.4862577E+10  0.9995574    
   2755950.      7.0126633E+10  0.9995744    
   2865625.      7.5817959E+10  0.9995906    
   2979665.      8.1971233E+10  0.9996063    
   3098244.      8.8623948E+10  0.9996213    
   3221541.      9.5816638E+10  0.9996358    
   3349745.      1.0359316E+11  0.9996498    
   3483051.      1.1200087E+11  0.9996632    
   3621662.      1.2109103E+11  0.9996760    
   3765789.      1.3091902E+11  0.9996884    
   3915652.      1.4154473E+11  0.9997004    
   4071478.      1.5303293E+11  0.9997118    
   4233506.      1.6545363E+11  0.9997228    
   4401982.      1.7888249E+11  0.9997334    
   4577164.      1.9340139E+11  0.9997436    
   4759316.      2.0909877E+11  0.9997534    
   4948716.      2.2607033E+11  0.9997629    
   5145655.      2.4441946E+11  0.9997720    
   5350431.      2.6425801E+11  0.9997807    
   5563356.      2.8570688E+11  0.9997891    
   5784754.      3.0889676E+11  0.9997971    
   6014964.      3.3396897E+11  0.9998049    
   6254334.      3.6107636E+11  0.9998124    
   6503231.      3.9038409E+11  0.9998195    
   6762033.      4.2207075E+11  0.9998264    
   7031134.      4.5632949E+11  0.9998330    
   7310944.      4.9336910E+11  0.9998395    
   7601889.      5.3341526E+11  0.9998456    
   7904413.      5.7671208E+11  0.9998515    
   8218976.      6.2352333E+11  0.9998572    
   8546057.      6.7413443E+11  0.9998627    
   8886155.      7.2885377E+11  0.9998679    
   9239787.      7.8801483E+11  0.9998730    
   9607492.      8.5197809E+11  0.9998778    
   9989831.      9.2113345E+11  0.9998825    
  1.0387384E+07  9.9590236E+11  0.9998870    
  1.0800759E+07  1.0767406E+12  0.9998913    
  1.1230585E+07  1.1641406E+12  0.9998955    
  1.1677516E+07  1.2586351E+12  0.9998995    
  1.2142232E+07  1.3608001E+12  0.9999033    
  1.2625443E+07  1.4712582E+12  0.9999070    
  1.3127883E+07  1.5906826E+12  0.9999106    
  1.3650319E+07  1.7198010E+12  0.9999140    
  1.4193545E+07  1.8594005E+12  0.9999173    
  1.4758389E+07  2.0103317E+12  0.9999205    
  1.5345712E+07  2.1735147E+12  0.9999235    
  1.5956408E+07  2.3499438E+12  0.9999264    
  1.6591407E+07  2.5406941E+12  0.9999292    
  1.7251676E+07  2.7469289E+12  0.9999319    
  1.7938222E+07  2.9699041E+12  0.9999346    
  1.8652088E+07  3.2109793E+12  0.9999371    
  1.9394364E+07  3.4716236E+12  0.9999394    
  2.0166180E+07  3.7534255E+12  0.9999418    
  2.0968710E+07  4.0581024E+12  0.9999440    
  2.1803178E+07  4.3875109E+12  0.9999462    
  2.2670854E+07  4.7436593E+12  0.9999482    
  2.3573060E+07  5.1287179E+12  0.9999502    
  2.4511170E+07  5.5450329E+12  0.9999521    
  2.5486614E+07  5.9951426E+12  0.9999539    
  2.6500876E+07  6.4817893E+12  0.9999557    
  2.7555500E+07  7.0079391E+12  0.9999574    
  2.8652094E+07  7.5767994E+12  0.9999591    
  2.9792330E+07  8.1918364E+12  0.9999606    
  3.0977940E+07  8.8567993E+12  0.9999621    
  3.2210734E+07  9.5757397E+12  0.9999636    
  3.3492588E+07  1.0353040E+13  0.9999650    
  3.4825456E+07  1.1193437E+13  0.9999663    
  3.6211364E+07  1.2102054E+13  0.9999676    
  3.7652428E+07  1.3084426E+13  0.9999688    
  3.9150836E+07  1.4146543E+13  0.9999700    
  4.0708876E+07  1.5294878E+13  0.9999712    
  4.2328924E+07  1.6536427E+13  0.9999723    
  4.4013440E+07  1.7878760E+13  0.9999733    
  4.5764992E+07  1.9330056E+13  0.9999744    
  4.7586248E+07  2.0899162E+13  0.9999753    
  4.9479984E+07  2.2595638E+13  0.9999763    
  5.1449080E+07  2.4429826E+13  0.9999772    
  5.3496544E+07  2.6412906E+13  0.9999781    
  5.5625484E+07  2.8556961E+13  0.9999789    
  5.7839148E+07  3.0875058E+13  0.9999797    
  6.0140904E+07  3.3381329E+13  0.9999804    
  6.2534264E+07  3.6091046E+13  0.9999812    
  6.5022868E+07  3.9020722E+13  0.9999819    
  6.7610512E+07  4.2188218E+13  0.9999827    
  7.0301128E+07  4.5612834E+13  0.9999833    
  7.3098824E+07  4.9315444E+13  0.9999840    
  7.6007848E+07  5.3318613E+13  0.9999846    
  7.9032648E+07  5.7646741E+13  0.9999852    
  8.2177824E+07  6.2326204E+13  0.9999857    
  8.5448160E+07  6.7385520E+13  0.9999862    
  8.8848640E+07  7.2855530E+13  0.9999868    
  9.2384448E+07  7.8769566E+13  0.9999873    
  9.6060968E+07  8.5163682E+13  0.9999878    
  9.9883800E+07  9.2076834E+13  0.9999883    
  1.0385876E+08  9.9551168E+13  0.9999887    
  1.0799190E+08  1.0763223E+14  0.9999892    
  1.1228954E+08  1.1636927E+14  0.9999896    
  1.1675819E+08  1.2581555E+14  0.9999899    
  1.2140469E+08  1.3602863E+14  0.9999903    
  1.2623609E+08  1.4707075E+14  0.9999907    
  1.3125977E+08  1.5900924E+14  0.9999911    
  1.3648336E+08  1.7191680E+14  0.9999914    
  1.4191483E+08  1.8587218E+14  0.9999917    
  1.4756245E+08  2.0096036E+14  0.9999921    
  1.5343483E+08  2.1727334E+14  0.9999924    
  1.5954090E+08  2.3491052E+14  0.9999927    
  1.6588997E+08  2.5397942E+14  0.9999929    
  1.7249170E+08  2.7459622E+14  0.9999932    
  1.7935616E+08  2.9688659E+14  0.9999934    
  1.8649379E+08  3.2098643E+14  0.9999937    
  1.9391547E+08  3.4704255E+14  0.9999939    
  2.0163250E+08  3.7521378E+14  0.9999942    
  2.0965664E+08  4.0567184E+14  0.9999944    
  2.1800010E+08  4.3860233E+14  0.9999946    
  2.2667560E+08  4.7420596E+14  0.9999948    
  2.3569635E+08  5.1269974E+14  0.9999950    
  2.4507610E+08  5.5431824E+14  0.9999952    
  2.5482910E+08  5.9931517E+14  0.9999954    
  2.6497024E+08  6.4796467E+14  0.9999956    
  2.7551498E+08  7.0056339E+14  0.9999958    
  2.8647933E+08  7.5743178E+14  0.9999959    
  2.9788000E+08  8.1891652E+14  0.9999961    
  3.0973440E+08  8.8539227E+14  0.9999962    
  3.2206054E+08  9.5726426E+14  0.9999964    
  3.3487722E+08  1.0349704E+15  0.9999965    
  3.4820394E+08  1.1189844E+15  0.9999966    
  3.6206102E+08  1.2098183E+15  0.9999968    
  3.7646954E+08  1.3080257E+15  0.9999969    
  3.9145149E+08  1.4142051E+15  0.9999970    
  4.0702963E+08  1.5290035E+15  0.9999971    
  4.2322771E+08  1.6531208E+15  0.9999972    
  4.4007043E+08  1.7873135E+15  0.9999973    
  4.5758342E+08  1.9323992E+15  0.9999974    
  4.7579334E+08  2.0892623E+15  0.9999976    
  4.9472794E+08  2.2588589E+15  0.9999976    
  5.1441606E+08  2.4422226E+15  0.9999977    
  5.3488768E+08  2.6404707E+15  0.9999978    
  5.5617402E+08  2.8548119E+15  0.9999979    
  5.7830739E+08  3.0865522E+15  0.9999980    
  6.0132166E+08  3.3371040E+15  0.9999980    
  6.2525178E+08  3.6079945E+15  0.9999981    
  6.5013421E+08  3.9008748E+15  0.9999982    
  6.7600685E+08  4.2175296E+15  0.9999983    
  7.0290912E+08  4.5598889E+15  0.9999983    
  7.3088198E+08  4.9300400E+15  0.9999984    
  7.5996806E+08  5.3302375E+15  0.9999985    
  7.9021165E+08  5.7629216E+15  0.9999985    
  8.2165882E+08  6.2307289E+15  0.9999986    
  8.5435744E+08  6.7365102E+15  0.9999986    
  8.8835731E+08  7.2833492E+15  0.9999987    
  9.2371027E+08  7.8745777E+15  0.9999987    
  9.6047008E+08  8.5137993E+15  0.9999987    
  9.9869280E+08  9.2049106E+15  0.9999988    
  1.0384367E+09  9.9521221E+15  0.9999989    
