 ### omegam = 0.30; h = 0.70; omega_radiaton = 0.00008517
  0.0000000E+00   1.000000     -0.5498297    
  3.9795857E-02   1.018467     -0.5120966    
  8.1175424E-02   1.038836     -0.4727886    
  0.1242017       1.061268     -0.4320899    
  0.1689403       1.085934     -0.3902181    
  0.2154593       1.113012     -0.3474196    
  0.2638295       1.142687     -0.3039647    
  0.3141247       1.175154     -0.2601414    
  0.3664214       1.210615     -0.2162473    
  0.4207993       1.249280     -0.1725821    
  0.4773413       1.291366     -0.1294392    
  0.5361333       1.337100     -8.7098137E-02
  0.5972651       1.386715     -4.5817282E-02
  0.6608296       1.440455     -5.8282539E-03
  0.7269237       1.498571      3.2668661E-02
  0.7956482       1.561327      6.9507405E-02
  0.8671075       1.628994      0.1045575    
  0.9414107       1.701858      0.1377242    
   1.018671       1.780217      0.1689468    
   1.099005       1.864383      0.1981965    
   1.182537       1.954682      0.2254735    
   1.269393       2.051459      0.2508028    
   1.359706       2.155077      0.2742310    
   1.453612       2.265917      0.2958218    
   1.551256       2.384384      0.3156526    
   1.652785       2.510905      0.3338108    
   1.758355       2.645930      0.3503907    
   1.868126       2.789940      0.3654905    
   1.982266       2.943442      0.3792104    
   2.100947       3.106974      0.3916499    
   2.224352       3.281107      0.4029071    
   2.352668       3.466448      0.4130768    
   2.486090       3.663639      0.4222498    
   2.624822       3.873364      0.4305123    
   2.769075       4.096348      0.4379456    
   2.919069       4.333361      0.4446254    
   3.075032       4.585221      0.4506223    
   3.237201       4.852795      0.4560016    
   3.405824       5.137005      0.4608234    
   3.581157       5.438829      0.4651425    
   3.763469       5.759306      0.4690094    
   3.953035       6.099538      0.4724699    
   4.150145       6.460694      0.4755655    
   4.355100       6.844017      0.4783340    
   4.568211       7.250824      0.4808095    
   4.789802       7.682514      0.4830227    
   5.020212       8.140571      0.4850015    
   5.259792       8.626568      0.4867709    
   5.508905       9.142177      0.4883532    
   5.767933       9.689170      0.4897687    
   6.037269       10.26943      0.4910353    
   6.317323       10.88494      0.4921694    
   6.608522       11.53784      0.4931855    
   6.911310       12.23035      0.4940966    
   7.226147       12.96486      0.4949142    
   7.553514       13.74391      0.4956488    
   7.893908       14.57016      0.4963098    
   8.247849       15.44646      0.4969053    
   8.615874       16.37583      0.4974428    
   8.998547       17.36146      0.4979290    
   9.396447       18.40675      0.4983698    
   9.810183       19.51529      0.4987704    
   10.24038       20.69091      0.4991357    
   10.68770       21.93764      0.4994698    
   11.15283       23.25978      0.4997765    
   11.63646       24.66189      0.5000592    
   12.13934       26.14880      0.5003210    
   12.66223       27.72563      0.5005645    
   13.20593       29.39782      0.5007921    
   13.77127       31.17112      0.5010061    
   14.35910       33.05167      0.5012084    
   14.97033       35.04593      0.5014008    
   15.60588       37.16080      0.5015848    
   16.26673       39.40356      0.5017619    
   16.95387       41.78197      0.5019333    
   17.66836       44.30424      0.5021003    
   18.41129       46.97907      0.5022639    
   19.18377       49.81570      0.5024251    
   19.98701       52.82394      0.5025846    
   20.82220       56.01419      0.5027435    
   21.69063       59.39749      0.5029023    
   22.59363       62.98552      0.5030618    
   23.53255       66.79072      0.5032226    
   24.50885       70.82625      0.5033854    
   25.52400       75.10609      0.5035506    
   26.57954       79.64506      0.5037188    
   27.67709       84.45890      0.5038905    
   28.81832       89.56431      0.5040662    
   30.00497       94.97899      0.5042463    
   31.23884       100.7217      0.5044312    
   32.52181       106.8125      0.5046215    
   33.85584       113.2724      0.5048175    
   35.24295       120.1239      0.5050195    
   36.68528       127.3909      0.5052282    
   38.18499       135.0987      0.5054437    
   39.74439       143.2740      0.5056665    
   41.36585       151.9454      0.5058970    
   43.05184       161.1430      0.5061356    
   44.80492       170.8991      0.5063828    
   46.62776       181.2476      0.5066388    
   48.52315       192.2246      0.5069042    
   50.49397       203.8687      0.5071793    
   52.54321       216.2204      0.5074645    
   54.67401       229.3231      0.5077603    
   56.88961       243.2227      0.5080671    
   59.19337       257.9679      0.5083855    
   61.58882       273.6104      0.5087157    
   64.07960       290.2053      0.5090584    
   66.66949       307.8109      0.5094140    
   69.36246       326.4892      0.5097830    
   72.16260       346.3059      0.5101658    
   75.07417       367.3311      0.5105631    
   78.10160       389.6389      0.5109755    
   81.24951       413.3082      0.5114033    
   84.52271       438.4229      0.5118473    
   87.92616       465.0717      0.5123080    
   91.46505       493.3495      0.5127860    
   95.14478       523.3566      0.5132819    
   98.97094       555.1998      0.5137965    
   102.9494       588.9924      0.5143303    
   107.0861       624.8552      0.5148841    
   111.3875       662.9161      0.5154585    
   115.8601       703.3115      0.5160543    
   120.5106       746.1861      0.5166723    
   125.3462       791.6938      0.5173130    
   130.3743       839.9982      0.5179775    
   135.6024       891.2735      0.5186664    
   141.0386       945.7046      0.5193807    
   146.6912       1003.488      0.5201211    
   152.5687       1064.834      0.5208885    
   158.6801       1129.964      0.5216839    
   165.0347       1199.116      0.5225081    
   171.6422       1272.542      0.5233621    
   178.5126       1350.510      0.5242468    
   185.6565       1433.304      0.5251633    
   193.0846       1521.230      0.5261124    
   200.8084       1614.611      0.5270954    
   208.8395       1713.791      0.5281131    
   217.1903       1819.137      0.5291666    
   225.8734       1931.039      0.5302572    
   234.9020       2049.913      0.5313857    
   244.2899       2176.202      0.5325535    
   254.0514       2310.380      0.5337616    
   264.2014       2452.947      0.5350111    
   274.7553       2604.441      0.5363032    
   285.7292       2765.433      0.5376392    
   297.1399       2936.533      0.5390202    
   309.0046       3118.389      0.5404475    
   321.3415       3311.696      0.5419222    
   334.1694       3517.190      0.5434455    
   347.5077       3735.662      0.5450189    
   361.3769       3967.952      0.5466433    
   375.7980       4214.957      0.5483201    
   390.7930       4477.636      0.5500506    
   406.3847       4757.012      0.5518359    
   422.5970       5054.176      0.5536773    
   439.4543       5370.296      0.5555760    
   456.9826       5706.618      0.5575332    
   475.2084       6064.472      0.5595501    
   494.1595       6445.282      0.5616279    
   513.8649       6850.567      0.5637676    
   534.3543       7281.955      0.5659705    
   555.6592       7741.183      0.5682375    
   577.8120       8230.109      0.5705698    
   600.8463       8750.724      0.5729684    
   624.7972       9305.154      0.5754341    
   649.7014       9895.678      0.5779679    
   675.5966       10524.73      0.5805708    
   702.5223       11194.93      0.5832434    
   730.5196       11909.05      0.5859864    
   759.6310       12670.11      0.5888005    
   789.9011       13481.31      0.5916864    
   821.3756       14346.07      0.5946445    
   854.1028       15268.09      0.5976752    
   888.1323       16251.31      0.6007788    
   923.5161       17299.97      0.6039555    
   960.3080       18418.61      0.6072055    
   998.5641       19612.09      0.6105287    
   1038.343       20885.65      0.6139251    
   1079.704       22244.88      0.6173944    
   1122.712       23695.82      0.6209362    
   1167.431       25244.93      0.6245501    
   1213.929       26899.13      0.6282355    
   1262.279       28665.89      0.6319915    
   1312.552       30553.21      0.6358174    
   1364.826       32569.70      0.6397121    
   1419.180       34724.60      0.6436744    
   1475.697       37027.84      0.6477031    
   1534.464       39490.12      0.6517965    
   1595.569       42122.91      0.6559532    
   1659.106       44938.57      0.6601713    
   1725.171       47950.39      0.6644490    
   1793.865       51172.66      0.6687843    
   1865.294       54620.77      0.6731748    
   1939.564       58311.27      0.6776183    
   2016.791       62261.98      0.6821122    
   2097.091       66492.08      0.6866540    
   2180.586       71022.23      0.6912410    
   2267.404       75874.66      0.6958702    
   2357.677       81073.33      0.7005388    
   2451.542       86644.04      0.7052434    
   2549.144       92614.59      0.7099811    
   2650.629       99014.92      0.7147484    
   2756.153       105877.3      0.7195420    
   2865.876       113236.6      0.7243585    
   2979.966       121130.1      0.7291943    
   3098.596       129598.5      0.7340459    
   3221.947       138685.1      0.7389095    
   3350.207       148437.0      0.7437815    
   3483.571       158904.9      0.7486583    
   3622.242       170143.4      0.7535361    
   3766.432       182211.4      0.7584112    
   3916.360       195172.4      0.7632799    
   4072.255       209095.1      0.7681386    
   4234.354       224053.3      0.7729834    
   4402.903       240127.0      0.7778110    
   4578.161       257402.2      0.7826176    
   4760.392       275971.9      0.7873999    
   4949.876       295936.2      0.7921543    
   5146.900       317403.6      0.7968775    
   5351.765       340490.7      0.8015663    
   5564.783       365323.6      0.8062175    
   5786.278       392038.6      0.8108280    
   6016.588       420782.5      0.8153951    
   6256.063       451713.9      0.8199157    
   6505.068       485004.2      0.8243873    
   6763.983       520838.3      0.8288072    
   7033.201       559415.9      0.8331731    
   7313.133       600952.5      0.8374827    
   7604.205       645681.1      0.8417339    
   7906.861       693853.1      0.8459246    
   8221.562       745740.1      0.8500531    
   8548.785       801635.4      0.8541175    
   8889.031       861855.8      0.8581165    
   9242.817       926743.4      0.8620485    
   9610.683       996668.0      0.8659124    
   9993.188       1072029.      0.8697070    
   10390.92       1153257.      0.8734314    
   10804.47       1240818.      0.8770847    
   11234.48       1335216.      0.8806662    
   11681.61       1436994.      0.8841754    
   12146.53       1546741.      0.8876120    
   12629.95       1665089.      0.8909754    
   13132.61       1792726.      0.8942657    
   13655.27       1930392.      0.8974828    
   14198.74       2078887.      0.9006265    
   14763.83       2239077.      0.9036973    
   15351.41       2411896.      0.9066953    
   15962.37       2598354.      0.9096208    
   16597.64       2799542.      0.9124744    
   17258.20       3016639.      0.9152564    
   17945.04       3250920.      0.9179677    
   18659.22       3503763.      0.9206088    
   19401.82       3776654.      0.9231805    
   20173.97       4071203.      0.9256836    
   20976.86       4389147.      0.9281190    
   21811.69       4732365.      0.9304876    
   22679.74       5102886.      0.9327904    
   23582.34       5502906.      0.9350284    
   24520.86       5934793.      0.9372028    
   25496.73       6401112.      0.9393145    
   26511.43       6904632.      0.9413647    
   27566.52       7448348.      0.9433546    
   28663.59       8035492.      0.9452854    
   29804.32       8669565.      0.9471582    
   30990.45       9354345.      0.9489741    
   32223.78      1.0093917E+07  0.9507346    
   33506.20      1.0892699E+07  0.9524408    
   34839.64      1.1755462E+07  0.9540939    
   36226.16      1.2687367E+07  0.9556952    
   37667.85      1.3693989E+07  0.9572458    
   39166.91      1.4781358E+07  0.9587471    
   40725.63      1.5955989E+07  0.9602004    
   42346.38      1.7224926E+07  0.9616066    
   44031.63      1.8595780E+07  0.9629672    
   45783.95      2.0076784E+07  0.9642833    
   47606.00      2.1676834E+07  0.9655561    
   49500.56      2.3405544E+07  0.9667868    
   51470.52      2.5273312E+07  0.9679766    
   53518.88      2.7291372E+07  0.9691265    
   55648.74      2.9471874E+07  0.9702378    
   57863.37      3.1827950E+07  0.9713115    
   60166.13      3.4373792E+07  0.9723487    
   62560.54      3.7124748E+07  0.9733506    
   65050.23      4.0097408E+07  0.9743182    
   67639.00      4.3309700E+07  0.9752525    
   70330.79      4.6781008E+07  0.9761544    
   73129.70      5.0532296E+07  0.9770252    
   76040.00      5.4586216E+07  0.9778656    
   79066.12      5.8967256E+07  0.9786766    
   82212.66      6.3701900E+07  0.9794592    
   85484.42      6.8818760E+07  0.9802142    
   88886.39      7.4348784E+07  0.9809426    
   92423.74      8.0325432E+07  0.9816452    
   96101.86      8.6784848E+07  0.9823229    
   99926.36      9.3766144E+07  0.9829764    
   103903.1      1.0131158E+08  0.9836065    
   108038.0      1.0946684E+08  0.9842141    
   112337.5      1.1828134E+08  0.9848000    
   116808.1      1.2780846E+08  0.9853647    
   121456.6      1.3810594E+08  0.9859090    
   126290.1      1.4923619E+08  0.9864337    
   131316.0      1.6126670E+08  0.9869394    
   136541.9      1.7427043E+08  0.9874266    
   141975.7      1.8832621E+08  0.9878962    
   147625.8      2.0351933E+08  0.9883487    
   153500.8      2.1994195E+08  0.9887846    
   159609.5      2.3769374E+08  0.9892046    
   165961.3      2.5688243E+08  0.9896092    
   172565.9      2.7762448E+08  0.9899989    
   179433.4      3.0004586E+08  0.9903743    
   186574.1      3.2428269E+08  0.9907359    
   193999.0      3.5048214E+08  0.9910841    
   201719.4      3.7880333E+08  0.9914195    
   209747.1      4.0941834E+08  0.9917424    
   218094.2      4.4251312E+08  0.9920534    
   226773.5      4.7828880E+08  0.9923530    
   235798.1      5.1696272E+08  0.9926413    
   245182.0      5.5876992E+08  0.9929190    
   254939.2      6.0396461E+08  0.9931863    
   265084.8      6.5282138E+08  0.9934437    
   275634.1      7.0563731E+08  0.9936914    
   286603.2      7.6273344E+08  0.9939299    
   298008.9      8.2445709E+08  0.9941595    
   309868.5      8.9118342E+08  0.9943805    
   322200.0      9.6331840E+08  0.9945933    
   335022.2      1.0413006E+09  0.9947981    
   348354.8      1.1256045E+09  0.9949952    
   362217.9      1.2167428E+09  0.9951849    
   376632.7      1.3152699E+09  0.9953675    
   391621.2      1.4217853E+09  0.9955432    
   407206.1      1.5369372E+09  0.9957123    
   423411.3      1.6614260E+09  0.9958751    
   440261.3      1.7960093E+09  0.9960316    
   457782.0      1.9415062E+09  0.9961824    
   475999.8      2.0988020E+09  0.9963274    
   494942.7      2.2688543E+09  0.9964670    
   514639.4      2.4526979E+09  0.9966013    
   535119.9      2.6514516E+09  0.9967305    
   556415.6      2.8663255E+09  0.9968548    
   578558.6      3.0986276E+09  0.9969745    
   601582.9      3.3497720E+09  0.9970896    
   625523.4      3.6212879E+09  0.9972004    
   650416.8      3.9148280E+09  0.9973069    
   676300.7      4.2321795E+09  0.9974095    
   703214.7      4.5752750E+09  0.9975082    
   731199.8      4.9462026E+09  0.9976031    
   760298.5      5.3472225E+09  0.9976944    
   790555.2      5.7807754E+09  0.9977822    
   822016.1      6.2495017E+09  0.9978667    
   854729.0      6.7562557E+09  0.9979481    
   888743.8      7.3041239E+09  0.9980263    
   924112.1      7.8964429E+09  0.9981015    
   960887.9      8.5368197E+09  0.9981740    
   999127.4      9.2291543E+09  0.9982436    
   1038888.      9.9776645E+09  0.9983106    
   1080232.      1.0786908E+10  0.9983750    
   1123221.      1.1661815E+10  0.9984370    
   1167920.      1.2607712E+10  0.9984967    
   1214399.      1.3630365E+10  0.9985541    
   1262727.      1.4736000E+10  0.9986092    
   1312978.      1.5931353E+10  0.9986623    
   1365229.      1.7223705E+10  0.9987134    
   1419560.      1.8620930E+10  0.9987625    
   1476052.      2.0131539E+10  0.9988098    
   1534793.      2.1764733E+10  0.9988552    
   1595872.      2.3530463E+10  0.9988989    
   1659381.      2.5439486E+10  0.9989409    
   1725418.      2.7503432E+10  0.9989814    
   1794082.      2.9734877E+10  0.9990203    
   1865479.      3.2147413E+10  0.9990577    
   1939717.      3.4755740E+10  0.9990937    
   2016910.      3.7575746E+10  0.9991283    
   2097175.      4.0624620E+10  0.9991617    
   2180634.      4.3920929E+10  0.9991937    
   2267414.      4.7484764E+10  0.9992245    
   2357648.      5.1337839E+10  0.9992542    
   2451472.      5.5503622E+10  0.9992827    
   2549031.      6.0007506E+10  0.9993101    
   2650472.      6.4876929E+10  0.9993364    
   2755950.      7.0141559E+10  0.9993618    
   2865625.      7.5833475E+10  0.9993862    
   2979665.      8.1987363E+10  0.9994097    
   3098244.      8.8640725E+10  0.9994322    
   3221541.      9.5834087E+10  0.9994540    
   3349745.      1.0361129E+11  0.9994748    
   3483051.      1.1201973E+11  0.9994949    
   3621662.      1.2111064E+11  0.9995142    
   3765789.      1.3093941E+11  0.9995328    
   3915652.      1.4156595E+11  0.9995506    
   4071478.      1.5305499E+11  0.9995678    
   4233506.      1.6547655E+11  0.9995844    
   4401982.      1.7890633E+11  0.9996002    
   4577164.      1.9342618E+11  0.9996156    
   4759316.      2.0912456E+11  0.9996303    
   4948716.      2.2609712E+11  0.9996444    
   5145655.      2.4444733E+11  0.9996580    
   5350431.      2.6428699E+11  0.9996710    
   5563356.      2.8573699E+11  0.9996837    
   5784754.      3.0892809E+11  0.9996958    
   6014964.      3.3400157E+11  0.9997074    
   6254334.      3.6111024E+11  0.9997186    
   6503231.      3.9041932E+11  0.9997293    
   6762033.      4.2210738E+11  0.9997397    
   7031134.      4.5636757E+11  0.9997497    
   7310944.      4.9340868E+11  0.9997593    
   7601889.      5.3345642E+11  0.9997684    
   7904413.      5.7675488E+11  0.9997773    
   8218976.      6.2356790E+11  0.9997858    
   8546057.      6.7418076E+11  0.9997940    
   8886155.      7.2890188E+11  0.9998019    
   9239787.      7.8806483E+11  0.9998095    
   9607492.      8.5203013E+11  0.9998168    
   9989831.      9.2118758E+11  0.9998237    
  1.0387384E+07  9.9595865E+11  0.9998305    
  1.0800759E+07  1.0767990E+12  0.9998370    
  1.1230585E+07  1.1642014E+12  0.9998432    
  1.1677516E+07  1.2586984E+12  0.9998493    
  1.2142232E+07  1.3608659E+12  0.9998550    
  1.2625443E+07  1.4713266E+12  0.9998605    
  1.3127883E+07  1.5907536E+12  0.9998659    
  1.3650319E+07  1.7198750E+12  0.9998710    
  1.4193545E+07  1.8594773E+12  0.9998760    
  1.4758389E+07  2.0104117E+12  0.9998807    
  1.5345712E+07  2.1735978E+12  0.9998853    
  1.5956408E+07  2.3500303E+12  0.9998897    
  1.6591407E+07  2.5407841E+12  0.9998939    
  1.7251676E+07  2.7470222E+12  0.9998980    
  1.7938222E+07  2.9700013E+12  0.9999018    
  1.8652088E+07  3.2110802E+12  0.9999056    
  1.9394364E+07  3.4717287E+12  0.9999092    
  2.0166180E+07  3.7535346E+12  0.9999127    
  2.0968710E+07  4.0582159E+12  0.9999160    
  2.1803178E+07  4.3876292E+12  0.9999192    
  2.2670854E+07  4.7437819E+12  0.9999223    
  2.3573060E+07  5.1288453E+12  0.9999253    
  2.4511170E+07  5.5451656E+12  0.9999282    
  2.5486614E+07  5.9952805E+12  0.9999309    
  2.6500876E+07  6.4819330E+12  0.9999335    
  2.7555500E+07  7.0080885E+12  0.9999361    
  2.8652094E+07  7.5769546E+12  0.9999385    
  2.9792330E+07  8.1919979E+12  0.9999409    
  3.0977940E+07  8.8569671E+12  0.9999431    
  3.2210734E+07  9.5759138E+12  0.9999453    
  3.3492588E+07  1.0353221E+13  0.9999474    
  3.4825456E+07  1.1193625E+13  0.9999495    
  3.6211364E+07  1.2102250E+13  0.9999514    
  3.7652428E+07  1.3084630E+13  0.9999532    
  3.9150836E+07  1.4146755E+13  0.9999550    
  4.0708876E+07  1.5295098E+13  0.9999567    
  4.2328924E+07  1.6536657E+13  0.9999584    
  4.4013440E+07  1.7878999E+13  0.9999600    
  4.5764992E+07  1.9330304E+13  0.9999615    
  4.7586248E+07  2.0899420E+13  0.9999630    
  4.9479984E+07  2.2595907E+13  0.9999644    
  5.1449080E+07  2.4430105E+13  0.9999658    
  5.3496544E+07  2.6413195E+13  0.9999671    
  5.5625484E+07  2.8557261E+13  0.9999683    
  5.7839148E+07  3.0875371E+13  0.9999695    
  6.0140904E+07  3.3381654E+13  0.9999707    
  6.2534264E+07  3.6091382E+13  0.9999719    
  6.5022868E+07  3.9021074E+13  0.9999729    
  6.7610512E+07  4.2188583E+13  0.9999740    
  7.0301128E+07  4.5613215E+13  0.9999750    
  7.3098824E+07  4.9315838E+13  0.9999759    
  7.6007848E+07  5.3319024E+13  0.9999768    
  7.9032648E+07  5.7647168E+13  0.9999777    
  8.2177824E+07  6.2326649E+13  0.9999785    
  8.5448160E+07  6.7385986E+13  0.9999794    
  8.8848640E+07  7.2856008E+13  0.9999802    
  9.2384448E+07  7.8770069E+13  0.9999809    
  9.6060968E+07  8.5164202E+13  0.9999816    
  9.9883800E+07  9.2077380E+13  0.9999824    
  1.0385876E+08  9.9551730E+13  0.9999831    
  1.0799190E+08  1.0763281E+14  0.9999837    
  1.1228954E+08  1.1636988E+14  0.9999843    
  1.1675819E+08  1.2581618E+14  0.9999849    
  1.2140469E+08  1.3602928E+14  0.9999855    
  1.2623609E+08  1.4707144E+14  0.9999861    
  1.3125977E+08  1.5900994E+14  0.9999866    
  1.3648336E+08  1.7191756E+14  0.9999871    
  1.4191483E+08  1.8587293E+14  0.9999876    
  1.4756245E+08  2.0096115E+14  0.9999881    
  1.5343483E+08  2.1727416E+14  0.9999885    
  1.5954090E+08  2.3491139E+14  0.9999890    
  1.6588997E+08  2.5398031E+14  0.9999894    
  1.7249170E+08  2.7459716E+14  0.9999898    
  1.7935616E+08  2.9688757E+14  0.9999902    
  1.8649379E+08  3.2098743E+14  0.9999906    
  1.9391547E+08  3.4704359E+14  0.9999909    
  2.0163250E+08  3.7521489E+14  0.9999912    
  2.0965664E+08  4.0567298E+14  0.9999916    
  2.1800010E+08  4.3860350E+14  0.9999919    
  2.2667560E+08  4.7420720E+14  0.9999923    
  2.3569635E+08  5.1270102E+14  0.9999925    
  2.4507610E+08  5.5431959E+14  0.9999928    
  2.5482910E+08  5.9931652E+14  0.9999931    
  2.6497024E+08  6.4796615E+14  0.9999933    
  2.7551498E+08  7.0056487E+14  0.9999936    
  2.8647933E+08  7.5743332E+14  0.9999939    
  2.9788000E+08  8.1891813E+14  0.9999941    
  3.0973440E+08  8.8539395E+14  0.9999943    
  3.2206054E+08  9.5726600E+14  0.9999945    
  3.3487722E+08  1.0349722E+15  0.9999948    
  3.4820394E+08  1.1189864E+15  0.9999949    
  3.6206102E+08  1.2098202E+15  0.9999951    
  3.7646954E+08  1.3080277E+15  0.9999954    
  3.9145149E+08  1.4142071E+15  0.9999955    
  4.0702963E+08  1.5290058E+15  0.9999956    
  4.2322771E+08  1.6531231E+15  0.9999958    
  4.4007043E+08  1.7873159E+15  0.9999960    
  4.5758342E+08  1.9324018E+15  0.9999961    
  4.7579334E+08  2.0892650E+15  0.9999963    
  4.9472794E+08  2.2588615E+15  0.9999964    
  5.1441606E+08  2.4422252E+15  0.9999966    
  5.3488768E+08  2.6404737E+15  0.9999967    
  5.5617402E+08  2.8548148E+15  0.9999968    
  5.7830739E+08  3.0865552E+15  0.9999970    
  6.0132166E+08  3.3371072E+15  0.9999971    
  6.2525178E+08  3.6079980E+15  0.9999972    
  6.5013421E+08  3.9008783E+15  0.9999973    
  6.7600685E+08  4.2175333E+15  0.9999974    
  7.0290912E+08  4.5598927E+15  0.9999975    
  7.3088198E+08  4.9300437E+15  0.9999976    
  7.5996806E+08  5.3302418E+15  0.9999977    
  7.9021165E+08  5.7629259E+15  0.9999978    
  8.2165882E+08  6.2307332E+15  0.9999979    
  8.5435744E+08  6.7365150E+15  0.9999979    
  8.8835731E+08  7.2833540E+15  0.9999980    
  9.2371027E+08  7.8745826E+15  0.9999981    
  9.6047008E+08  8.5138047E+15  0.9999982    
  9.9869280E+08  9.2049159E+15  0.9999982    
  1.0384367E+09  9.9521275E+15  0.9999983    
