 ### omegam = 0.25; h = 0.70; omega_radiaton = 0.00008517
   0.00000E+00   0.10000E+01  -0.12497E+01   0.74991E+00   0.25000E+00   0.85175E-04   0.29997E+01  -0.15555E+01
   0.39796E-01   0.99233E+00  -0.11435E+01   0.71449E+00   0.28541E+00   0.10111E-03   0.25034E+01  -0.15335E+01
   0.81175E-01   0.98895E+00  -0.10305E+01   0.67682E+00   0.32306E+00   0.11900E-03   0.20951E+01  -0.15076E+01
   0.12420E+00   0.99004E+00  -0.91244E+00   0.63748E+00   0.36238E+00   0.13880E-03   0.17591E+01  -0.14772E+01
   0.16894E+00   0.99577E+00  -0.79138E+00   0.59713E+00   0.40271E+00   0.16038E-03   0.14828E+01  -0.14419E+01
   0.21546E+00   0.10063E+01  -0.66953E+00   0.55651E+00   0.44331E+00   0.18358E-03   0.12554E+01  -0.14011E+01
   0.26383E+00   0.10218E+01  -0.54920E+00   0.51640E+00   0.48339E+00   0.20814E-03   0.10683E+01  -0.13546E+01
   0.31412E+00   0.10423E+01  -0.43257E+00   0.47752E+00   0.52224E+00   0.23382E-03   0.91437E+00  -0.13021E+01
   0.36642E+00   0.10680E+01  -0.32156E+00   0.44052E+00   0.55922E+00   0.26034E-03   0.78774E+00  -0.12435E+01
   0.42080E+00   0.10989E+01  -0.21770E+00   0.40590E+00   0.59381E+00   0.28744E-03   0.68355E+00  -0.11790E+01
   0.47734E+00   0.11351E+01  -0.12210E+00   0.37403E+00   0.62565E+00   0.31491E-03   0.59783E+00  -0.11091E+01
   0.53613E+00   0.11767E+01  -0.35409E-01   0.34514E+00   0.65452E+00   0.34255E-03   0.52731E+00  -0.10345E+01
   0.59727E+00   0.12237E+01   0.42157E-01   0.31928E+00   0.68035E+00   0.37024E-03   0.46929E+00  -0.95637E+00
   0.66083E+00   0.12762E+01   0.11072E+00   0.29643E+00   0.70318E+00   0.39789E-03   0.42155E+00  -0.87594E+00
   0.72692E+00   0.13344E+01   0.17068E+00   0.27644E+00   0.72313E+00   0.42546E-03   0.38228E+00  -0.79470E+00
   0.79565E+00   0.13982E+01   0.22263E+00   0.25912E+00   0.74042E+00   0.45297E-03   0.34997E+00  -0.71420E+00
   0.86711E+00   0.14678E+01   0.26727E+00   0.24424E+00   0.75528E+00   0.48045E-03   0.32338E+00  -0.63590E+00
   0.94141E+00   0.15434E+01   0.30536E+00   0.23155E+00   0.76795E+00   0.50795E-03   0.30151E+00  -0.56113E+00
   0.10187E+01   0.16251E+01   0.33768E+00   0.22077E+00   0.77869E+00   0.53555E-03   0.28352E+00  -0.49096E+00
   0.10990E+01   0.17131E+01   0.36496E+00   0.21168E+00   0.78776E+00   0.56335E-03   0.26871E+00  -0.42618E+00
   0.11825E+01   0.18077E+01   0.38789E+00   0.20404E+00   0.79537E+00   0.59143E-03   0.25653E+00  -0.36729E+00
   0.12694E+01   0.19091E+01   0.40709E+00   0.19764E+00   0.80174E+00   0.61989E-03   0.24651E+00  -0.31446E+00
   0.13597E+01   0.20175E+01   0.42312E+00   0.19229E+00   0.80706E+00   0.64883E-03   0.23827E+00  -0.26767E+00
   0.14536E+01   0.21332E+01   0.43647E+00   0.18784E+00   0.81148E+00   0.67835E-03   0.23148E+00  -0.22668E+00
   0.15513E+01   0.22567E+01   0.44757E+00   0.18414E+00   0.81515E+00   0.70853E-03   0.22590E+00  -0.19110E+00
   0.16528E+01   0.23883E+01   0.45678E+00   0.18107E+00   0.81819E+00   0.73948E-03   0.22131E+00  -0.16049E+00
   0.17584E+01   0.25284E+01   0.46441E+00   0.17853E+00   0.82070E+00   0.77127E-03   0.21753E+00  -0.13433E+00
   0.18681E+01   0.26775E+01   0.47073E+00   0.17642E+00   0.82277E+00   0.80399E-03   0.21442E+00  -0.11212E+00
   0.19823E+01   0.28360E+01   0.47596E+00   0.17468E+00   0.82448E+00   0.83772E-03   0.21187E+00  -0.93359E-01
   0.21009E+01   0.30044E+01   0.48028E+00   0.17324E+00   0.82589E+00   0.87254E-03   0.20976E+00  -0.77580E-01
   0.22244E+01   0.31832E+01   0.48384E+00   0.17205E+00   0.82704E+00   0.90853E-03   0.20803E+00  -0.64359E-01
   0.23527E+01   0.33732E+01   0.48679E+00   0.17107E+00   0.82798E+00   0.94577E-03   0.20661E+00  -0.53315E-01
   0.24861E+01   0.35749E+01   0.48923E+00   0.17026E+00   0.82876E+00   0.98432E-03   0.20544E+00  -0.44115E-01
   0.26248E+01   0.37890E+01   0.49124E+00   0.16959E+00   0.82939E+00   0.10243E-02   0.20447E+00  -0.36466E-01
   0.27691E+01   0.40161E+01   0.49290E+00   0.16903E+00   0.82990E+00   0.10657E-02   0.20368E+00  -0.30118E-01
   0.29191E+01   0.42572E+01   0.49427E+00   0.16858E+00   0.83031E+00   0.11087E-02   0.20303E+00  -0.24859E-01
   0.30750E+01   0.45129E+01   0.49540E+00   0.16820E+00   0.83065E+00   0.11532E-02   0.20249E+00  -0.20507E-01
   0.32372E+01   0.47842E+01   0.49634E+00   0.16789E+00   0.83091E+00   0.11995E-02   0.20205E+00  -0.16908E-01
   0.34058E+01   0.50720E+01   0.49712E+00   0.16763E+00   0.83113E+00   0.12476E-02   0.20169E+00  -0.13936E-01
   0.35812E+01   0.53772E+01   0.49777E+00   0.16741E+00   0.83129E+00   0.12975E-02   0.20139E+00  -0.11483E-01
   0.37635E+01   0.57009E+01   0.49830E+00   0.16723E+00   0.83142E+00   0.13493E-02   0.20114E+00  -0.94588E-02
   0.39530E+01   0.60443E+01   0.49875E+00   0.16708E+00   0.83151E+00   0.14032E-02   0.20094E+00  -0.77899E-02
   0.41501E+01   0.64084E+01   0.49912E+00   0.16696E+00   0.83158E+00   0.14591E-02   0.20077E+00  -0.64144E-02
   0.43551E+01   0.67945E+01   0.49944E+00   0.16685E+00   0.83163E+00   0.15173E-02   0.20064E+00  -0.52809E-02
   0.45682E+01   0.72040E+01   0.49970E+00   0.16677E+00   0.83166E+00   0.15777E-02   0.20052E+00  -0.43472E-02
   0.47898E+01   0.76382E+01   0.49993E+00   0.16669E+00   0.83167E+00   0.16405E-02   0.20043E+00  -0.35783E-02
   0.50202E+01   0.80987E+01   0.50012E+00   0.16663E+00   0.83167E+00   0.17058E-02   0.20035E+00  -0.29451E-02
   0.52598E+01   0.85869E+01   0.50028E+00   0.16657E+00   0.83165E+00   0.17737E-02   0.20029E+00  -0.24238E-02
   0.55089E+01   0.91047E+01   0.50042E+00   0.16653E+00   0.83163E+00   0.18442E-02   0.20024E+00  -0.19946E-02
   0.57679E+01   0.96538E+01   0.50055E+00   0.16648E+00   0.83160E+00   0.19175E-02   0.20020E+00  -0.16414E-02
   0.60373E+01   0.10236E+02   0.50066E+00   0.16645E+00   0.83156E+00   0.19937E-02   0.20016E+00  -0.13507E-02
   0.63173E+01   0.10853E+02   0.50076E+00   0.16641E+00   0.83151E+00   0.20730E-02   0.20013E+00  -0.11114E-02
   0.66085E+01   0.11508E+02   0.50085E+00   0.16638E+00   0.83146E+00   0.21553E-02   0.20011E+00  -0.91451E-03
   0.69113E+01   0.12202E+02   0.50093E+00   0.16636E+00   0.83140E+00   0.22409E-02   0.20009E+00  -0.75247E-03
   0.72261E+01   0.12938E+02   0.50101E+00   0.16633E+00   0.83134E+00   0.23299E-02   0.20007E+00  -0.61913E-03
   0.75535E+01   0.13719E+02   0.50108E+00   0.16631E+00   0.83127E+00   0.24225E-02   0.20006E+00  -0.50942E-03
   0.78939E+01   0.14546E+02   0.50115E+00   0.16628E+00   0.83120E+00   0.25187E-02   0.20005E+00  -0.41914E-03
   0.82478E+01   0.15424E+02   0.50122E+00   0.16626E+00   0.83112E+00   0.26186E-02   0.20004E+00  -0.34486E-03
   0.86159E+01   0.16355E+02   0.50129E+00   0.16624E+00   0.83104E+00   0.27226E-02   0.20003E+00  -0.28374E-03
   0.89985E+01   0.17341E+02   0.50136E+00   0.16621E+00   0.83096E+00   0.28306E-02   0.20003E+00  -0.23345E-03
   0.93964E+01   0.18388E+02   0.50142E+00   0.16619E+00   0.83086E+00   0.29430E-02   0.20002E+00  -0.19207E-03
   0.98102E+01   0.19498E+02   0.50149E+00   0.16617E+00   0.83077E+00   0.30597E-02   0.20002E+00  -0.15803E-03
   0.10240E+02   0.20674E+02   0.50156E+00   0.16615E+00   0.83067E+00   0.31811E-02   0.20002E+00  -0.13002E-03
   0.10688E+02   0.21922E+02   0.50163E+00   0.16612E+00   0.83057E+00   0.33073E-02   0.20001E+00  -0.10697E-03
   0.11153E+02   0.23245E+02   0.50170E+00   0.16610E+00   0.83046E+00   0.34385E-02   0.20001E+00  -0.88012E-04
   0.11636E+02   0.24648E+02   0.50177E+00   0.16608E+00   0.83035E+00   0.35748E-02   0.20001E+00  -0.72413E-04
   0.12139E+02   0.26135E+02   0.50184E+00   0.16605E+00   0.83023E+00   0.37166E-02   0.20001E+00  -0.59578E-04
   0.12662E+02   0.27713E+02   0.50192E+00   0.16603E+00   0.83011E+00   0.38639E-02   0.20001E+00  -0.49018E-04
   0.13206E+02   0.29386E+02   0.50200E+00   0.16600E+00   0.82998E+00   0.40171E-02   0.20000E+00  -0.40330E-04
   0.13771E+02   0.31160E+02   0.50208E+00   0.16597E+00   0.82985E+00   0.41763E-02   0.20000E+00  -0.33182E-04
   0.14359E+02   0.33041E+02   0.50216E+00   0.16595E+00   0.82971E+00   0.43417E-02   0.20000E+00  -0.27301E-04
   0.14970E+02   0.35036E+02   0.50225E+00   0.16592E+00   0.82957E+00   0.45137E-02   0.20000E+00  -0.22463E-04
   0.15606E+02   0.37151E+02   0.50234E+00   0.16589E+00   0.82942E+00   0.46925E-02   0.20000E+00  -0.18482E-04
   0.16267E+02   0.39395E+02   0.50244E+00   0.16585E+00   0.82927E+00   0.48784E-02   0.20000E+00  -0.15207E-04
   0.16954E+02   0.41774E+02   0.50253E+00   0.16582E+00   0.82911E+00   0.50715E-02   0.20000E+00  -0.12512E-04
   0.17668E+02   0.44296E+02   0.50263E+00   0.16579E+00   0.82894E+00   0.52723E-02   0.20000E+00  -0.10295E-04
   0.18411E+02   0.46972E+02   0.50274E+00   0.16575E+00   0.82877E+00   0.54810E-02   0.20000E+00  -0.84712E-05
   0.19184E+02   0.49809E+02   0.50285E+00   0.16572E+00   0.82858E+00   0.56978E-02   0.20000E+00  -0.69706E-05
   0.19987E+02   0.52817E+02   0.50296E+00   0.16568E+00   0.82840E+00   0.59232E-02   0.20000E+00  -0.57360E-05
   0.20822E+02   0.56008E+02   0.50308E+00   0.16564E+00   0.82820E+00   0.61575E-02   0.20000E+00  -0.47202E-05
   0.21691E+02   0.59392E+02   0.50320E+00   0.16560E+00   0.82800E+00   0.64010E-02   0.20000E+00  -0.38845E-05
   0.22594E+02   0.62980E+02   0.50333E+00   0.16556E+00   0.82779E+00   0.66540E-02   0.20000E+00  -0.31969E-05
   0.23533E+02   0.66785E+02   0.50346E+00   0.16551E+00   0.82757E+00   0.69170E-02   0.20000E+00  -0.26312E-05
   0.24509E+02   0.70821E+02   0.50359E+00   0.16547E+00   0.82734E+00   0.71903E-02   0.20000E+00  -0.21658E-05
   0.25524E+02   0.75101E+02   0.50374E+00   0.16542E+00   0.82710E+00   0.74743E-02   0.20000E+00  -0.17829E-05
   0.26580E+02   0.79641E+02   0.50388E+00   0.16537E+00   0.82686E+00   0.77694E-02   0.20000E+00  -0.14679E-05
   0.27677E+02   0.84455E+02   0.50404E+00   0.16532E+00   0.82660E+00   0.80761E-02   0.20000E+00  -0.12087E-05
   0.28818E+02   0.89560E+02   0.50420E+00   0.16527E+00   0.82634E+00   0.83948E-02   0.20000E+00  -0.99545E-06
   0.30005E+02   0.94975E+02   0.50436E+00   0.16521E+00   0.82606E+00   0.87260E-02   0.20000E+00  -0.82001E-06
   0.31239E+02   0.10072E+03   0.50453E+00   0.16516E+00   0.82577E+00   0.90701E-02   0.20000E+00  -0.67566E-06
   0.32522E+02   0.10681E+03   0.50471E+00   0.16510E+00   0.82548E+00   0.94276E-02   0.20000E+00  -0.55690E-06
   0.33856E+02   0.11327E+03   0.50490E+00   0.16503E+00   0.82517E+00   0.97991E-02   0.20000E+00  -0.45919E-06
   0.35243E+02   0.12012E+03   0.50509E+00   0.16497E+00   0.82485E+00   0.10185E-01   0.20000E+00  -0.37880E-06
   0.36685E+02   0.12739E+03   0.50529E+00   0.16490E+00   0.82451E+00   0.10586E-01   0.20000E+00  -0.31267E-06
   0.38185E+02   0.13510E+03   0.50550E+00   0.16483E+00   0.82416E+00   0.11003E-01   0.20000E+00  -0.25825E-06
   0.39744E+02   0.14327E+03   0.50572E+00   0.16476E+00   0.82380E+00   0.11436E-01   0.20000E+00  -0.21348E-06
   0.41366E+02   0.15194E+03   0.50594E+00   0.16469E+00   0.82343E+00   0.11885E-01   0.20000E+00  -0.17664E-06
   0.43052E+02   0.16114E+03   0.50618E+00   0.16461E+00   0.82304E+00   0.12353E-01   0.20000E+00  -0.14634E-06
   0.44805E+02   0.17090E+03   0.50642E+00   0.16453E+00   0.82264E+00   0.12838E-01   0.20000E+00  -0.12140E-06
   0.46628E+02   0.18125E+03   0.50667E+00   0.16444E+00   0.82222E+00   0.13342E-01   0.20000E+00  -0.10089E-06
   0.48523E+02   0.19222E+03   0.50693E+00   0.16436E+00   0.82178E+00   0.13865E-01   0.20000E+00  -0.84005E-07
   0.50494E+02   0.20387E+03   0.50720E+00   0.16427E+00   0.82133E+00   0.14409E-01   0.20000E+00  -0.70115E-07
   0.52543E+02   0.21622E+03   0.50749E+00   0.16417E+00   0.82085E+00   0.14974E-01   0.20000E+00  -0.58687E-07
   0.54674E+02   0.22932E+03   0.50778E+00   0.16407E+00   0.82037E+00   0.15561E-01   0.20000E+00  -0.49283E-07
   0.56890E+02   0.24322E+03   0.50809E+00   0.16397E+00   0.81986E+00   0.16170E-01   0.20000E+00  -0.41545E-07
   0.59193E+02   0.25797E+03   0.50840E+00   0.16387E+00   0.81933E+00   0.16803E-01   0.20000E+00  -0.35177E-07
   0.61589E+02   0.27361E+03   0.50873E+00   0.16376E+00   0.81878E+00   0.17460E-01   0.20000E+00  -0.29937E-07
   0.64080E+02   0.29020E+03   0.50907E+00   0.16364E+00   0.81822E+00   0.18142E-01   0.20000E+00  -0.25624E-07
   0.66669E+02   0.30781E+03   0.50943E+00   0.16352E+00   0.81762E+00   0.18850E-01   0.20000E+00  -0.22074E-07
   0.69362E+02   0.32649E+03   0.50979E+00   0.16340E+00   0.81701E+00   0.19586E-01   0.20000E+00  -0.19153E-07
   0.72163E+02   0.34630E+03   0.51017E+00   0.16328E+00   0.81638E+00   0.20349E-01   0.20000E+00  -0.16746E-07
   0.75074E+02   0.36733E+03   0.51057E+00   0.16314E+00   0.81572E+00   0.21142E-01   0.20000E+00  -0.14766E-07
   0.78102E+02   0.38964E+03   0.51098E+00   0.16301E+00   0.81503E+00   0.21965E-01   0.20000E+00  -0.13134E-07
   0.81250E+02   0.41331E+03   0.51141E+00   0.16286E+00   0.81432E+00   0.22819E-01   0.20000E+00  -0.11789E-07
   0.84523E+02   0.43842E+03   0.51185E+00   0.16272E+00   0.81358E+00   0.23706E-01   0.20000E+00  -0.10682E-07
   0.87926E+02   0.46507E+03   0.51231E+00   0.16256E+00   0.81281E+00   0.24626E-01   0.20000E+00  -0.97680E-08
   0.91465E+02   0.49335E+03   0.51279E+00   0.16240E+00   0.81202E+00   0.25581E-01   0.20000E+00  -0.90153E-08
   0.95145E+02   0.52336E+03   0.51329E+00   0.16224E+00   0.81119E+00   0.26572E-01   0.20000E+00  -0.83924E-08
   0.98971E+02   0.55520E+03   0.51380E+00   0.16207E+00   0.81033E+00   0.27600E-01   0.20000E+00  -0.78790E-08
   0.10295E+03   0.58899E+03   0.51433E+00   0.16189E+00   0.80944E+00   0.28667E-01   0.20000E+00  -0.74540E-08
   0.10709E+03   0.62485E+03   0.51489E+00   0.16170E+00   0.80852E+00   0.29774E-01   0.20000E+00  -0.71017E-08
   0.11139E+03   0.66292E+03   0.51546E+00   0.16151E+00   0.80757E+00   0.30922E-01   0.20000E+00  -0.68089E-08
   0.11586E+03   0.70331E+03   0.51606E+00   0.16131E+00   0.80657E+00   0.32113E-01   0.20000E+00  -0.65670E-08
   0.12051E+03   0.74619E+03   0.51667E+00   0.16111E+00   0.80554E+00   0.33348E-01   0.20000E+00  -0.63644E-08
   0.12535E+03   0.79169E+03   0.51731E+00   0.16090E+00   0.80448E+00   0.34629E-01   0.20000E+00  -0.61950E-08
   0.13037E+03   0.84000E+03   0.51798E+00   0.16067E+00   0.80337E+00   0.35958E-01   0.20000E+00  -0.60535E-08
   0.13560E+03   0.89127E+03   0.51867E+00   0.16044E+00   0.80222E+00   0.37336E-01   0.20000E+00  -0.59330E-08
   0.14104E+03   0.94570E+03   0.51938E+00   0.16021E+00   0.80103E+00   0.38764E-01   0.20000E+00  -0.58334E-08
   0.14669E+03   0.10035E+04   0.52012E+00   0.15996E+00   0.79980E+00   0.40244E-01   0.20000E+00  -0.57450E-08
   0.15257E+03   0.10648E+04   0.52089E+00   0.15970E+00   0.79852E+00   0.41779E-01   0.20000E+00  -0.56721E-08
   0.15868E+03   0.11300E+04   0.52168E+00   0.15944E+00   0.79719E+00   0.43369E-01   0.20000E+00  -0.56074E-08
   0.16503E+03   0.11991E+04   0.52251E+00   0.15916E+00   0.79582E+00   0.45018E-01   0.20000E+00  -0.55502E-08
   0.17164E+03   0.12725E+04   0.52336E+00   0.15888E+00   0.79440E+00   0.46726E-01   0.20000E+00  -0.54996E-08
   0.17851E+03   0.13505E+04   0.52425E+00   0.15858E+00   0.79292E+00   0.48495E-01   0.20000E+00  -0.54555E-08
   0.18566E+03   0.14333E+04   0.52516E+00   0.15828E+00   0.79139E+00   0.50328E-01   0.20000E+00  -0.54143E-08
   0.19308E+03   0.15212E+04   0.52611E+00   0.15796E+00   0.78981E+00   0.52226E-01   0.20000E+00  -0.53767E-08
   0.20081E+03   0.16146E+04   0.52710E+00   0.15763E+00   0.78817E+00   0.54192E-01   0.20000E+00  -0.53428E-08
   0.20884E+03   0.17138E+04   0.52811E+00   0.15730E+00   0.78648E+00   0.56227E-01   0.20000E+00  -0.53106E-08
   0.21719E+03   0.18191E+04   0.52917E+00   0.15694E+00   0.78472E+00   0.58334E-01   0.20000E+00  -0.52786E-08
   0.22587E+03   0.19310E+04   0.53026E+00   0.15658E+00   0.78290E+00   0.60515E-01   0.20000E+00  -0.52477E-08
   0.23490E+03   0.20499E+04   0.53139E+00   0.15620E+00   0.78102E+00   0.62772E-01   0.20000E+00  -0.52192E-08
   0.24429E+03   0.21762E+04   0.53255E+00   0.15582E+00   0.77908E+00   0.65107E-01   0.20000E+00  -0.51896E-08
   0.25405E+03   0.23104E+04   0.53376E+00   0.15541E+00   0.77706E+00   0.67523E-01   0.20000E+00  -0.51606E-08
   0.26420E+03   0.24529E+04   0.53501E+00   0.15500E+00   0.77498E+00   0.70022E-01   0.20000E+00  -0.51322E-08
   0.27476E+03   0.26044E+04   0.53630E+00   0.15457E+00   0.77283E+00   0.72607E-01   0.20000E+00  -0.51042E-08
   0.28573E+03   0.27654E+04   0.53764E+00   0.15412E+00   0.77060E+00   0.75279E-01   0.20000E+00  -0.50749E-08
   0.29714E+03   0.29365E+04   0.53902E+00   0.15366E+00   0.76830E+00   0.78041E-01   0.20000E+00  -0.50450E-08
   0.30900E+03   0.31184E+04   0.54045E+00   0.15318E+00   0.76592E+00   0.80895E-01   0.20000E+00  -0.50147E-08
   0.32134E+03   0.33117E+04   0.54192E+00   0.15269E+00   0.76346E+00   0.83844E-01   0.20000E+00  -0.49842E-08
   0.33417E+03   0.35172E+04   0.54345E+00   0.15218E+00   0.76092E+00   0.86891E-01   0.20000E+00  -0.49534E-08
   0.34751E+03   0.37357E+04   0.54502E+00   0.15166E+00   0.75830E+00   0.90038E-01   0.20000E+00  -0.49220E-08
   0.36138E+03   0.39680E+04   0.54664E+00   0.15112E+00   0.75559E+00   0.93287E-01   0.20000E+00  -0.48890E-08
   0.37580E+03   0.42150E+04   0.54832E+00   0.15056E+00   0.75280E+00   0.96640E-01   0.20000E+00  -0.48558E-08
   0.39079E+03   0.44776E+04   0.55005E+00   0.14998E+00   0.74992E+00   0.10010E+00   0.20000E+00  -0.48218E-08
   0.40638E+03   0.47570E+04   0.55184E+00   0.14939E+00   0.74694E+00   0.10367E+00   0.20000E+00  -0.47865E-08
   0.42260E+03   0.50542E+04   0.55368E+00   0.14877E+00   0.74387E+00   0.10735E+00   0.20000E+00  -0.47504E-08
   0.43945E+03   0.53703E+04   0.55558E+00   0.14814E+00   0.74071E+00   0.11115E+00   0.20000E+00  -0.47127E-08
   0.45698E+03   0.57066E+04   0.55753E+00   0.14749E+00   0.73744E+00   0.11507E+00   0.20000E+00  -0.46748E-08
   0.47521E+03   0.60645E+04   0.55955E+00   0.14682E+00   0.73408E+00   0.11910E+00   0.20000E+00  -0.46351E-08
   0.49416E+03   0.64453E+04   0.56163E+00   0.14612E+00   0.73062E+00   0.12326E+00   0.20000E+00  -0.45965E-08
   0.51386E+03   0.68506E+04   0.56377E+00   0.14541E+00   0.72705E+00   0.12754E+00   0.20000E+00  -0.45544E-08
   0.53435E+03   0.72820E+04   0.56597E+00   0.14468E+00   0.72338E+00   0.13194E+00   0.20000E+00  -0.45118E-08
   0.55566E+03   0.77412E+04   0.56824E+00   0.14392E+00   0.71960E+00   0.13648E+00   0.20000E+00  -0.44686E-08
   0.57781E+03   0.82301E+04   0.57057E+00   0.14314E+00   0.71572E+00   0.14114E+00   0.20000E+00  -0.44249E-08
   0.60085E+03   0.87507E+04   0.57297E+00   0.14234E+00   0.71172E+00   0.14594E+00   0.20000E+00  -0.43793E-08
   0.62480E+03   0.93052E+04   0.57543E+00   0.14152E+00   0.70761E+00   0.15087E+00   0.20000E+00  -0.43337E-08
   0.64970E+03   0.98957E+04   0.57797E+00   0.14068E+00   0.70339E+00   0.15594E+00   0.20000E+00  -0.42869E-08
   0.67560E+03   0.10525E+05   0.58057E+00   0.13981E+00   0.69905E+00   0.16114E+00   0.20000E+00  -0.42378E-08
   0.70252E+03   0.11195E+05   0.58324E+00   0.13892E+00   0.69459E+00   0.16649E+00   0.20000E+00  -0.41885E-08
   0.73052E+03   0.11909E+05   0.58599E+00   0.13800E+00   0.69002E+00   0.17197E+00   0.20000E+00  -0.41382E-08
   0.75963E+03   0.12670E+05   0.58880E+00   0.13707E+00   0.68533E+00   0.17760E+00   0.20000E+00  -0.40861E-08
   0.78990E+03   0.13481E+05   0.59169E+00   0.13610E+00   0.68052E+00   0.18337E+00   0.20000E+00  -0.40322E-08
   0.82138E+03   0.14346E+05   0.59464E+00   0.13512E+00   0.67559E+00   0.18929E+00   0.20000E+00  -0.39790E-08
   0.85410E+03   0.15268E+05   0.59768E+00   0.13411E+00   0.67054E+00   0.19535E+00   0.20000E+00  -0.39240E-08
   0.88813E+03   0.16251E+05   0.60078E+00   0.13307E+00   0.66537E+00   0.20156E+00   0.20000E+00  -0.38671E-08
   0.92352E+03   0.17300E+05   0.60396E+00   0.13201E+00   0.66007E+00   0.20791E+00   0.20000E+00  -0.38097E-08
   0.96031E+03   0.18419E+05   0.60721E+00   0.13093E+00   0.65466E+00   0.21441E+00   0.20000E+00  -0.37521E-08
   0.99856E+03   0.19612E+05   0.61053E+00   0.12982E+00   0.64912E+00   0.22106E+00   0.20000E+00  -0.36935E-08
   0.10383E+04   0.20886E+05   0.61393E+00   0.12869E+00   0.64346E+00   0.22785E+00   0.20000E+00  -0.36337E-08
   0.10797E+04   0.22245E+05   0.61739E+00   0.12754E+00   0.63768E+00   0.23479E+00   0.20000E+00  -0.35715E-08
   0.11227E+04   0.23696E+05   0.62094E+00   0.12635E+00   0.63177E+00   0.24187E+00   0.20000E+00  -0.35101E-08
   0.11674E+04   0.25245E+05   0.62455E+00   0.12515E+00   0.62575E+00   0.24910E+00   0.20000E+00  -0.34467E-08
   0.12139E+04   0.26899E+05   0.62824E+00   0.12392E+00   0.61961E+00   0.25647E+00   0.20000E+00  -0.33828E-08
   0.12623E+04   0.28666E+05   0.63199E+00   0.12267E+00   0.61335E+00   0.26398E+00   0.20000E+00  -0.33199E-08
   0.13126E+04   0.30553E+05   0.63582E+00   0.12139E+00   0.60697E+00   0.27163E+00   0.20000E+00  -0.32541E-08
   0.13648E+04   0.32570E+05   0.63971E+00   0.12010E+00   0.60048E+00   0.27942E+00   0.20000E+00  -0.31896E-08
   0.14192E+04   0.34725E+05   0.64367E+00   0.11878E+00   0.59388E+00   0.28735E+00   0.20000E+00  -0.31227E-08
   0.14757E+04   0.37028E+05   0.64770E+00   0.11743E+00   0.58716E+00   0.29541E+00   0.20000E+00  -0.30547E-08
   0.15345E+04   0.39490E+05   0.65180E+00   0.11607E+00   0.58034E+00   0.30359E+00   0.20000E+00  -0.29884E-08
   0.15956E+04   0.42123E+05   0.65595E+00   0.11468E+00   0.57341E+00   0.31191E+00   0.20000E+00  -0.29203E-08
   0.16591E+04   0.44939E+05   0.66017E+00   0.11328E+00   0.56638E+00   0.32034E+00   0.20000E+00  -0.28505E-08
   0.17252E+04   0.47950E+05   0.66445E+00   0.11185E+00   0.55925E+00   0.32890E+00   0.20000E+00  -0.27846E-08
   0.17939E+04   0.51173E+05   0.66878E+00   0.11041E+00   0.55203E+00   0.33757E+00   0.20000E+00  -0.27141E-08
   0.18653E+04   0.54621E+05   0.67317E+00   0.10894E+00   0.54471E+00   0.34635E+00   0.20000E+00  -0.26454E-08
   0.19396E+04   0.58311E+05   0.67762E+00   0.10746E+00   0.53730E+00   0.35524E+00   0.20000E+00  -0.25756E-08
   0.20168E+04   0.62262E+05   0.68211E+00   0.10596E+00   0.52981E+00   0.36422E+00   0.20000E+00  -0.25063E-08
   0.20971E+04   0.66492E+05   0.68665E+00   0.10445E+00   0.52224E+00   0.37331E+00   0.20000E+00  -0.24354E-08
   0.21806E+04   0.71022E+05   0.69124E+00   0.10292E+00   0.51460E+00   0.38248E+00   0.20000E+00  -0.23661E-08
   0.22674E+04   0.75875E+05   0.69587E+00   0.10138E+00   0.50688E+00   0.39174E+00   0.20000E+00  -0.22974E-08
   0.23577E+04   0.81073E+05   0.70054E+00   0.99820E-01   0.49910E+00   0.40108E+00   0.20000E+00  -0.22293E-08
   0.24515E+04   0.86644E+05   0.70524E+00   0.98252E-01   0.49126E+00   0.41049E+00   0.20000E+00  -0.21593E-08
   0.25491E+04   0.92615E+05   0.70998E+00   0.96673E-01   0.48336E+00   0.41996E+00   0.20000E+00  -0.20912E-08
   0.26506E+04   0.99015E+05   0.71475E+00   0.95084E-01   0.47542E+00   0.42950E+00   0.20000E+00  -0.20225E-08
   0.27562E+04   0.10588E+06   0.71954E+00   0.93486E-01   0.46743E+00   0.43908E+00   0.20000E+00  -0.19552E-08
   0.28659E+04   0.11324E+06   0.72436E+00   0.91880E-01   0.45940E+00   0.44872E+00   0.20000E+00  -0.18853E-08
   0.29800E+04   0.12113E+06   0.72919E+00   0.90269E-01   0.45134E+00   0.45839E+00   0.20000E+00  -0.18200E-08
   0.30986E+04   0.12960E+06   0.73405E+00   0.88651E-01   0.44326E+00   0.46809E+00   0.20000E+00  -0.17539E-08
   0.32219E+04   0.13869E+06   0.73891E+00   0.87030E-01   0.43515E+00   0.47782E+00   0.20000E+00  -0.16869E-08
   0.33502E+04   0.14844E+06   0.74378E+00   0.85406E-01   0.42703E+00   0.48756E+00   0.20000E+00  -0.16236E-08
   0.34836E+04   0.15890E+06   0.74866E+00   0.83781E-01   0.41890E+00   0.49732E+00   0.20000E+00  -0.15585E-08
   0.36222E+04   0.17014E+06   0.75354E+00   0.82155E-01   0.41077E+00   0.50707E+00   0.20000E+00  -0.14933E-08
   0.37664E+04   0.18221E+06   0.75841E+00   0.80530E-01   0.40265E+00   0.51682E+00   0.20000E+00  -0.14317E-08
   0.39164E+04   0.19517E+06   0.76328E+00   0.78907E-01   0.39453E+00   0.52656E+00   0.20000E+00  -0.13728E-08
   0.40723E+04   0.20910E+06   0.76814E+00   0.77287E-01   0.38644E+00   0.53628E+00   0.20000E+00  -0.13104E-08
   0.42344E+04   0.22405E+06   0.77298E+00   0.75672E-01   0.37836E+00   0.54597E+00   0.20000E+00  -0.12514E-08
   0.44029E+04   0.24013E+06   0.77781E+00   0.74063E-01   0.37031E+00   0.55562E+00   0.20000E+00  -0.11937E-08
   0.45782E+04   0.25740E+06   0.78262E+00   0.72461E-01   0.36230E+00   0.56524E+00   0.20000E+00  -0.11369E-08
   0.47604E+04   0.27597E+06   0.78740E+00   0.70867E-01   0.35433E+00   0.57480E+00   0.20000E+00  -0.10812E-08
   0.49499E+04   0.29594E+06   0.79215E+00   0.69282E-01   0.34641E+00   0.58431E+00   0.20000E+00  -0.10226E-08
   0.51469E+04   0.31740E+06   0.79688E+00   0.67708E-01   0.33854E+00   0.59376E+00   0.20000E+00  -0.96752E-09
   0.53518E+04   0.34049E+06   0.80157E+00   0.66145E-01   0.33072E+00   0.60313E+00   0.20000E+00  -0.91897E-09
   0.55648E+04   0.36532E+06   0.80622E+00   0.64594E-01   0.32297E+00   0.61243E+00   0.20000E+00  -0.86775E-09
   0.57863E+04   0.39204E+06   0.81083E+00   0.63057E-01   0.31529E+00   0.62166E+00   0.20000E+00  -0.81416E-09
   0.60166E+04   0.42078E+06   0.81540E+00   0.61535E-01   0.30767E+00   0.63079E+00   0.20000E+00  -0.76383E-09
   0.62561E+04   0.45171E+06   0.81992E+00   0.60028E-01   0.30014E+00   0.63983E+00   0.20000E+00  -0.71469E-09
   0.65051E+04   0.48500E+06   0.82439E+00   0.58538E-01   0.29269E+00   0.64877E+00   0.20000E+00  -0.67146E-09
   0.67640E+04   0.52084E+06   0.82881E+00   0.57064E-01   0.28532E+00   0.65761E+00   0.20000E+00  -0.62172E-09
   0.70332E+04   0.55942E+06   0.83317E+00   0.55609E-01   0.27804E+00   0.66635E+00   0.20000E+00  -0.57850E-09
   0.73131E+04   0.60095E+06   0.83748E+00   0.54172E-01   0.27086E+00   0.67497E+00   0.20000E+00  -0.53320E-09
   0.76042E+04   0.64568E+06   0.84173E+00   0.52755E-01   0.26378E+00   0.68347E+00   0.20000E+00  -0.49501E-09
   0.79069E+04   0.69385E+06   0.84592E+00   0.51358E-01   0.25679E+00   0.69185E+00   0.20000E+00  -0.45090E-09
   0.82216E+04   0.74574E+06   0.85005E+00   0.49982E-01   0.24991E+00   0.70011E+00   0.20000E+00  -0.40738E-09
   0.85488E+04   0.80164E+06   0.85412E+00   0.48627E-01   0.24314E+00   0.70824E+00   0.20000E+00  -0.36889E-09
   0.88890E+04   0.86186E+06   0.85812E+00   0.47295E-01   0.23647E+00   0.71623E+00   0.20000E+00  -0.33336E-09
   0.92428E+04   0.92674E+06   0.86205E+00   0.45984E-01   0.22992E+00   0.72410E+00   0.20000E+00  -0.29488E-09
   0.96107E+04   0.99667E+06   0.86591E+00   0.44696E-01   0.22348E+00   0.73182E+00   0.20000E+00  -0.25520E-09
   0.99932E+04   0.10720E+07   0.86971E+00   0.43431E-01   0.21715E+00   0.73941E+00   0.20000E+00  -0.21849E-09
   0.10391E+05   0.11533E+07   0.87343E+00   0.42190E-01   0.21095E+00   0.74686E+00   0.20000E+00  -0.18681E-09
   0.10804E+05   0.12408E+07   0.87708E+00   0.40972E-01   0.20486E+00   0.75417E+00   0.20000E+00  -0.15277E-09
   0.11234E+05   0.13352E+07   0.88067E+00   0.39778E-01   0.19889E+00   0.76133E+00   0.20000E+00  -0.11961E-09
   0.11682E+05   0.14370E+07   0.88418E+00   0.38608E-01   0.19304E+00   0.76835E+00   0.20000E+00  -0.83489E-10
   0.12147E+05   0.15467E+07   0.88761E+00   0.37463E-01   0.18731E+00   0.77522E+00   0.20000E+00  -0.55659E-10
   0.12630E+05   0.16651E+07   0.89098E+00   0.36342E-01   0.18171E+00   0.78195E+00   0.20000E+00  -0.26349E-10
   0.13133E+05   0.17927E+07   0.89427E+00   0.35245E-01   0.17622E+00   0.78853E+00   0.20000E+00   0.14211E-10
   0.13655E+05   0.19304E+07   0.89748E+00   0.34172E-01   0.17086E+00   0.79497E+00   0.20000E+00   0.39968E-10
   0.14199E+05   0.20789E+07   0.90063E+00   0.33124E-01   0.16562E+00   0.80125E+00   0.20000E+00   0.74607E-10
   0.14764E+05   0.22391E+07   0.90370E+00   0.32101E-01   0.16050E+00   0.80739E+00   0.20000E+00   0.10362E-09
   0.15351E+05   0.24119E+07   0.90670E+00   0.31102E-01   0.15551E+00   0.81339E+00   0.20000E+00   0.13619E-09
   0.15962E+05   0.25984E+07   0.90962E+00   0.30126E-01   0.15063E+00   0.81924E+00   0.20000E+00   0.16046E-09
   0.16598E+05   0.27995E+07   0.91247E+00   0.29175E-01   0.14588E+00   0.82495E+00   0.20000E+00   0.18770E-09
   0.17258E+05   0.30166E+07   0.91526E+00   0.28248E-01   0.14124E+00   0.83051E+00   0.20000E+00   0.22204E-09
   0.17945E+05   0.32509E+07   0.91797E+00   0.27344E-01   0.13672E+00   0.83594E+00   0.20000E+00   0.24780E-09
   0.18659E+05   0.35038E+07   0.92061E+00   0.26464E-01   0.13232E+00   0.84122E+00   0.20000E+00   0.27474E-09
   0.19402E+05   0.37767E+07   0.92318E+00   0.25607E-01   0.12803E+00   0.84636E+00   0.20000E+00   0.31293E-09
   0.20174E+05   0.40712E+07   0.92568E+00   0.24772E-01   0.12386E+00   0.85137E+00   0.20000E+00   0.33455E-09
   0.20977E+05   0.43891E+07   0.92812E+00   0.23960E-01   0.11980E+00   0.85624E+00   0.20000E+00   0.37007E-09
   0.21812E+05   0.47324E+07   0.93049E+00   0.23171E-01   0.11585E+00   0.86098E+00   0.20000E+00   0.40264E-09
   0.22680E+05   0.51029E+07   0.93279E+00   0.22403E-01   0.11202E+00   0.86558E+00   0.20000E+00   0.42573E-09
   0.23582E+05   0.55029E+07   0.93503E+00   0.21657E-01   0.10829E+00   0.87006E+00   0.20000E+00   0.45415E-09
   0.24521E+05   0.59348E+07   0.93720E+00   0.20932E-01   0.10466E+00   0.87441E+00   0.20000E+00   0.48376E-09
   0.25497E+05   0.64011E+07   0.93931E+00   0.20228E-01   0.10114E+00   0.87863E+00   0.20000E+00   0.52373E-09
   0.26511E+05   0.69046E+07   0.94136E+00   0.19545E-01   0.97725E-01   0.88273E+00   0.20000E+00   0.54475E-09
   0.27567E+05   0.74483E+07   0.94335E+00   0.18882E-01   0.94409E-01   0.88671E+00   0.20000E+00   0.58264E-09
   0.28664E+05   0.80355E+07   0.94529E+00   0.18238E-01   0.91191E-01   0.89057E+00   0.20000E+00   0.60988E-09
   0.29804E+05   0.86696E+07   0.94716E+00   0.17614E-01   0.88070E-01   0.89432E+00   0.20000E+00   0.64600E-09
   0.30990E+05   0.93543E+07   0.94897E+00   0.17009E-01   0.85043E-01   0.89795E+00   0.20000E+00   0.68863E-09
   0.32224E+05   0.10094E+08   0.95073E+00   0.16422E-01   0.82109E-01   0.90147E+00   0.20000E+00   0.72061E-09
   0.33506E+05   0.10893E+08   0.95244E+00   0.15853E-01   0.79265E-01   0.90488E+00   0.20000E+00   0.75229E-09
   0.34840E+05   0.11755E+08   0.95409E+00   0.15302E-01   0.76510E-01   0.90819E+00   0.20000E+00   0.79107E-09
   0.36226E+05   0.12687E+08   0.95570E+00   0.14768E-01   0.73841E-01   0.91139E+00   0.20000E+00   0.83281E-09
   0.37668E+05   0.13694E+08   0.95725E+00   0.14251E-01   0.71257E-01   0.91449E+00   0.20000E+00   0.86212E-09
   0.39167E+05   0.14781E+08   0.95875E+00   0.13751E-01   0.68755E-01   0.91749E+00   0.20000E+00   0.90120E-09
   0.40726E+05   0.15956E+08   0.96020E+00   0.13267E-01   0.66333E-01   0.92040E+00   0.20000E+00   0.95390E-09
   0.42346E+05   0.17225E+08   0.96161E+00   0.12798E-01   0.63989E-01   0.92321E+00   0.20000E+00   0.99535E-09
   0.44032E+05   0.18596E+08   0.96297E+00   0.12344E-01   0.61721E-01   0.92593E+00   0.20000E+00   0.10368E-08
   0.45784E+05   0.20077E+08   0.96428E+00   0.11906E-01   0.59528E-01   0.92857E+00   0.20000E+00   0.10842E-08
   0.47606E+05   0.21677E+08   0.96556E+00   0.11481E-01   0.57406E-01   0.93111E+00   0.20000E+00   0.11235E-08
   0.49501E+05   0.23406E+08   0.96679E+00   0.11071E-01   0.55355E-01   0.93357E+00   0.20000E+00   0.11819E-08
   0.51471E+05   0.25273E+08   0.96798E+00   0.10674E-01   0.53372E-01   0.93595E+00   0.20000E+00   0.12310E-08
   0.53519E+05   0.27291E+08   0.96913E+00   0.10291E-01   0.51456E-01   0.93825E+00   0.20000E+00   0.12778E-08
   0.55649E+05   0.29472E+08   0.97024E+00   0.99207E-02   0.49604E-01   0.94048E+00   0.20000E+00   0.13252E-08
   0.57863E+05   0.31828E+08   0.97131E+00   0.95628E-02   0.47814E-01   0.94262E+00   0.20000E+00   0.14027E-08
   0.60166E+05   0.34374E+08   0.97235E+00   0.92171E-02   0.46085E-01   0.94470E+00   0.20000E+00   0.14436E-08
   0.62561E+05   0.37125E+08   0.97335E+00   0.88831E-02   0.44416E-01   0.94670E+00   0.20000E+00   0.15031E-08
   0.65050E+05   0.40097E+08   0.97432E+00   0.85606E-02   0.42803E-01   0.94864E+00   0.20000E+00   0.15721E-08
   0.67639E+05   0.43310E+08   0.97525E+00   0.82492E-02   0.41246E-01   0.95050E+00   0.20000E+00   0.16434E-08
   0.70331E+05   0.46781E+08   0.97615E+00   0.79485E-02   0.39743E-01   0.95231E+00   0.20000E+00   0.16828E-08
   0.73130E+05   0.50532E+08   0.97703E+00   0.76583E-02   0.38291E-01   0.95405E+00   0.20000E+00   0.17610E-08
   0.76040E+05   0.54586E+08   0.97787E+00   0.73782E-02   0.36891E-01   0.95573E+00   0.20000E+00   0.18362E-08
   0.79066E+05   0.58967E+08   0.97868E+00   0.71078E-02   0.35539E-01   0.95735E+00   0.20000E+00   0.19096E-08
   0.82213E+05   0.63702E+08   0.97946E+00   0.68470E-02   0.34235E-01   0.95892E+00   0.20000E+00   0.19946E-08
   0.85484E+05   0.68819E+08   0.98021E+00   0.65953E-02   0.32976E-01   0.96043E+00   0.20000E+00   0.20547E-08
   0.88886E+05   0.74349E+08   0.98094E+00   0.63525E-02   0.31762E-01   0.96189E+00   0.20000E+00   0.21479E-08
   0.92424E+05   0.80325E+08   0.98165E+00   0.61183E-02   0.30591E-01   0.96329E+00   0.20000E+00   0.22601E-08
   0.96102E+05   0.86785E+08   0.98232E+00   0.58924E-02   0.29462E-01   0.96465E+00   0.20000E+00   0.23116E-08
   0.99926E+05   0.93766E+08   0.98298E+00   0.56745E-02   0.28373E-01   0.96595E+00   0.20000E+00   0.24342E-08
   0.10390E+06   0.10131E+09   0.98361E+00   0.54645E-02   0.27322E-01   0.96721E+00   0.20000E+00   0.25118E-08
   0.10804E+06   0.10947E+09   0.98421E+00   0.52619E-02   0.26310E-01   0.96843E+00   0.20000E+00   0.26101E-08
   0.11234E+06   0.11828E+09   0.98480E+00   0.50667E-02   0.25333E-01   0.96960E+00   0.20000E+00   0.27415E-08
   0.11681E+06   0.12781E+09   0.98536E+00   0.48784E-02   0.24392E-01   0.97073E+00   0.20000E+00   0.28306E-08
   0.12146E+06   0.13811E+09   0.98591E+00   0.46970E-02   0.23485E-01   0.97182E+00   0.20000E+00   0.29665E-08
   0.12629E+06   0.14924E+09   0.98643E+00   0.45221E-02   0.22611E-01   0.97287E+00   0.20000E+00   0.30568E-08
   0.13132E+06   0.16127E+09   0.98694E+00   0.43535E-02   0.21768E-01   0.97388E+00   0.20000E+00   0.32034E-08
   0.13654E+06   0.17427E+09   0.98743E+00   0.41911E-02   0.20956E-01   0.97485E+00   0.20000E+00   0.33289E-08
   0.14198E+06   0.18833E+09   0.98790E+00   0.40346E-02   0.20173E-01   0.97579E+00   0.20000E+00   0.34615E-08
   0.14763E+06   0.20352E+09   0.98835E+00   0.38838E-02   0.19419E-01   0.97670E+00   0.20000E+00   0.36238E-08
   0.15350E+06   0.21994E+09   0.98878E+00   0.37385E-02   0.18692E-01   0.97757E+00   0.20000E+00   0.38014E-08
   0.15961E+06   0.23769E+09   0.98920E+00   0.35985E-02   0.17992E-01   0.97841E+00   0.20000E+00   0.38405E-08
   0.16596E+06   0.25688E+09   0.98961E+00   0.34636E-02   0.17318E-01   0.97922E+00   0.20000E+00   0.40457E-08
   0.17257E+06   0.27762E+09   0.99000E+00   0.33337E-02   0.16669E-01   0.98000E+00   0.20000E+00   0.42502E-08
   0.17943E+06   0.30005E+09   0.99037E+00   0.32086E-02   0.16043E-01   0.98075E+00   0.20000E+00   0.43639E-08
   0.18657E+06   0.32428E+09   0.99074E+00   0.30880E-02   0.15440E-01   0.98147E+00   0.20000E+00   0.45392E-08
   0.19400E+06   0.35048E+09   0.99108E+00   0.29720E-02   0.14860E-01   0.98217E+00   0.20000E+00   0.46612E-08
   0.20172E+06   0.37880E+09   0.99142E+00   0.28602E-02   0.14301E-01   0.98284E+00   0.20000E+00   0.48968E-08
   0.20975E+06   0.40942E+09   0.99174E+00   0.27525E-02   0.13763E-01   0.98348E+00   0.20000E+00   0.50922E-08
   0.21809E+06   0.44251E+09   0.99205E+00   0.26488E-02   0.13244E-01   0.98411E+00   0.20000E+00   0.53504E-08
   0.22677E+06   0.47829E+09   0.99235E+00   0.25490E-02   0.12745E-01   0.98471E+00   0.20000E+00   0.55813E-08
   0.23580E+06   0.51696E+09   0.99264E+00   0.24529E-02   0.12264E-01   0.98528E+00   0.20000E+00   0.57557E-08
   0.24518E+06   0.55877E+09   0.99292E+00   0.23603E-02   0.11802E-01   0.98584E+00   0.20000E+00   0.59851E-08
   0.25494E+06   0.60396E+09   0.99319E+00   0.22712E-02   0.11356E-01   0.98637E+00   0.20000E+00   0.61509E-08
   0.26508E+06   0.65282E+09   0.99344E+00   0.21854E-02   0.10927E-01   0.98689E+00   0.20000E+00   0.64695E-08
   0.27563E+06   0.70564E+09   0.99369E+00   0.21029E-02   0.10514E-01   0.98738E+00   0.20000E+00   0.66921E-08
   0.28660E+06   0.76273E+09   0.99393E+00   0.20234E-02   0.10117E-01   0.98786E+00   0.20000E+00   0.69242E-08
   0.29801E+06   0.82446E+09   0.99416E+00   0.19468E-02   0.97341E-02   0.98832E+00   0.20000E+00   0.71931E-08
   0.30987E+06   0.89118E+09   0.99438E+00   0.18731E-02   0.93657E-02   0.98876E+00   0.20000E+00   0.75510E-08
   0.32220E+06   0.96332E+09   0.99459E+00   0.18022E-02   0.90112E-02   0.98919E+00   0.20000E+00   0.79036E-08
   0.33502E+06   0.10413E+10   0.99480E+00   0.17340E-02   0.86699E-02   0.98960E+00   0.20000E+00   0.81810E-08
   0.34835E+06   0.11256E+10   0.99500E+00   0.16683E-02   0.83414E-02   0.98999E+00   0.20000E+00   0.85206E-08
   0.36222E+06   0.12167E+10   0.99518E+00   0.16050E-02   0.80252E-02   0.99037E+00   0.20000E+00   0.88699E-08
   0.37663E+06   0.13153E+10   0.99537E+00   0.15442E-02   0.77209E-02   0.99073E+00   0.20000E+00   0.91601E-08
   0.39162E+06   0.14218E+10   0.99554E+00   0.14856E-02   0.74280E-02   0.99109E+00   0.20000E+00   0.95461E-08
   0.40721E+06   0.15369E+10   0.99571E+00   0.14292E-02   0.71462E-02   0.99142E+00   0.20000E+00   0.98603E-08
   0.42341E+06   0.16614E+10   0.99588E+00   0.13750E-02   0.68749E-02   0.99175E+00   0.20000E+00   0.10327E-07
   0.44026E+06   0.17960E+10   0.99603E+00   0.13228E-02   0.66139E-02   0.99206E+00   0.20000E+00   0.10702E-07
   0.45778E+06   0.19415E+10   0.99618E+00   0.12725E-02   0.63627E-02   0.99236E+00   0.20000E+00   0.11167E-07
   0.47600E+06   0.20988E+10   0.99633E+00   0.12242E-02   0.61210E-02   0.99265E+00   0.20000E+00   0.11558E-07
   0.49494E+06   0.22689E+10   0.99647E+00   0.11777E-02   0.58884E-02   0.99293E+00   0.20000E+00   0.12065E-07
   0.51464E+06   0.24527E+10   0.99660E+00   0.11329E-02   0.56645E-02   0.99320E+00   0.20000E+00   0.12731E-07
   0.53512E+06   0.26515E+10   0.99673E+00   0.10898E-02   0.54491E-02   0.99346E+00   0.20000E+00   0.13050E-07
   0.55642E+06   0.28663E+10   0.99685E+00   0.10484E-02   0.52419E-02   0.99371E+00   0.20000E+00   0.13640E-07
   0.57856E+06   0.30986E+10   0.99697E+00   0.10085E-02   0.50425E-02   0.99395E+00   0.20000E+00   0.14134E-07
   0.60158E+06   0.33498E+10   0.99709E+00   0.97013E-03   0.48506E-02   0.99418E+00   0.20000E+00   0.14719E-07
   0.62552E+06   0.36213E+10   0.99720E+00   0.93320E-03   0.46660E-02   0.99440E+00   0.20000E+00   0.15185E-07
   0.65042E+06   0.39148E+10   0.99731E+00   0.89768E-03   0.44884E-02   0.99461E+00   0.20000E+00   0.15851E-07
   0.67630E+06   0.42322E+10   0.99741E+00   0.86350E-03   0.43175E-02   0.99482E+00   0.20000E+00   0.16584E-07
   0.70321E+06   0.45753E+10   0.99751E+00   0.83062E-03   0.41531E-02   0.99502E+00   0.20000E+00   0.17393E-07
   0.73120E+06   0.49462E+10   0.99760E+00   0.79898E-03   0.39949E-02   0.99521E+00   0.20000E+00   0.17960E-07
   0.76030E+06   0.53472E+10   0.99769E+00   0.76854E-03   0.38427E-02   0.99539E+00   0.20000E+00   0.18672E-07
   0.79056E+06   0.57808E+10   0.99778E+00   0.73926E-03   0.36963E-02   0.99556E+00   0.20000E+00   0.19348E-07
   0.82202E+06   0.62495E+10   0.99787E+00   0.71109E-03   0.35554E-02   0.99573E+00   0.20000E+00   0.19913E-07
   0.85473E+06   0.67563E+10   0.99795E+00   0.68398E-03   0.34199E-02   0.99590E+00   0.20000E+00   0.20914E-07
   0.88874E+06   0.73041E+10   0.99803E+00   0.65791E-03   0.32895E-02   0.99605E+00   0.20000E+00   0.21617E-07
   0.92411E+06   0.78964E+10   0.99810E+00   0.63282E-03   0.31641E-02   0.99620E+00   0.20000E+00   0.22444E-07
   0.96089E+06   0.85368E+10   0.99817E+00   0.60869E-03   0.30435E-02   0.99635E+00   0.20000E+00   0.23523E-07
   0.99913E+06   0.92292E+10   0.99824E+00   0.58548E-03   0.29274E-02   0.99649E+00   0.20000E+00   0.24233E-07
   0.10389E+07   0.99777E+10   0.99831E+00   0.56315E-03   0.28157E-02   0.99662E+00   0.20000E+00   0.25421E-07
   0.10802E+07   0.10787E+11   0.99837E+00   0.54166E-03   0.27083E-02   0.99675E+00   0.20000E+00   0.26179E-07
   0.11232E+07   0.11662E+11   0.99844E+00   0.52100E-03   0.26050E-02   0.99687E+00   0.20000E+00   0.27201E-07
   0.11679E+07   0.12608E+11   0.99850E+00   0.50112E-03   0.25056E-02   0.99699E+00   0.20000E+00   0.28661E-07
   0.12144E+07   0.13630E+11   0.99855E+00   0.48199E-03   0.24100E-02   0.99711E+00   0.20000E+00   0.29548E-07
   0.12627E+07   0.14736E+11   0.99861E+00   0.46360E-03   0.23180E-02   0.99722E+00   0.20000E+00   0.30789E-07
   0.13130E+07   0.15931E+11   0.99866E+00   0.44590E-03   0.22295E-02   0.99732E+00   0.20000E+00   0.32259E-07
   0.13652E+07   0.17224E+11   0.99871E+00   0.42888E-03   0.21444E-02   0.99743E+00   0.20000E+00   0.33379E-07
   0.14196E+07   0.18621E+11   0.99876E+00   0.41251E-03   0.20625E-02   0.99752E+00   0.20000E+00   0.34555E-07
   0.14761E+07   0.20132E+11   0.99881E+00   0.39676E-03   0.19838E-02   0.99762E+00   0.20000E+00   0.36027E-07
   0.15348E+07   0.21765E+11   0.99886E+00   0.38160E-03   0.19080E-02   0.99771E+00   0.20000E+00   0.37359E-07
   0.15959E+07   0.23530E+11   0.99890E+00   0.36703E-03   0.18352E-02   0.99780E+00   0.20000E+00   0.38964E-07
   0.16594E+07   0.25439E+11   0.99894E+00   0.35301E-03   0.17651E-02   0.99788E+00   0.20000E+00   0.40668E-07
   0.17254E+07   0.27503E+11   0.99898E+00   0.33953E-03   0.16977E-02   0.99796E+00   0.20000E+00   0.42199E-07
   0.17941E+07   0.29735E+11   0.99902E+00   0.32656E-03   0.16328E-02   0.99804E+00   0.20000E+00   0.43437E-07
   0.18655E+07   0.32147E+11   0.99906E+00   0.31409E-03   0.15704E-02   0.99812E+00   0.20000E+00   0.45482E-07
   0.19397E+07   0.34756E+11   0.99909E+00   0.30209E-03   0.15104E-02   0.99819E+00   0.20000E+00   0.47256E-07
   0.20169E+07   0.37576E+11   0.99913E+00   0.29055E-03   0.14527E-02   0.99826E+00   0.20000E+00   0.49713E-07
   0.20972E+07   0.40625E+11   0.99916E+00   0.27944E-03   0.13972E-02   0.99832E+00   0.20000E+00   0.50970E-07
   0.21806E+07   0.43921E+11   0.99919E+00   0.26877E-03   0.13438E-02   0.99839E+00   0.20000E+00   0.52831E-07
   0.22674E+07   0.47485E+11   0.99922E+00   0.25850E-03   0.12925E-02   0.99845E+00   0.20000E+00   0.55242E-07
   0.23576E+07   0.51338E+11   0.99925E+00   0.24862E-03   0.12431E-02   0.99851E+00   0.20000E+00   0.57643E-07
   0.24515E+07   0.55504E+11   0.99928E+00   0.23912E-03   0.11956E-02   0.99857E+00   0.20000E+00   0.60254E-07
   0.25490E+07   0.60008E+11   0.99931E+00   0.22998E-03   0.11499E-02   0.99862E+00   0.20000E+00   0.62221E-07
   0.26505E+07   0.64877E+11   0.99934E+00   0.22119E-03   0.11059E-02   0.99867E+00   0.20000E+00   0.64512E-07
   0.27559E+07   0.70142E+11   0.99936E+00   0.21273E-03   0.10637E-02   0.99872E+00   0.20000E+00   0.66690E-07
   0.28656E+07   0.75833E+11   0.99939E+00   0.20460E-03   0.10230E-02   0.99877E+00   0.20000E+00   0.70580E-07
   0.29797E+07   0.81987E+11   0.99941E+00   0.19678E-03   0.98390E-03   0.99882E+00   0.20000E+00   0.72979E-07
   0.30982E+07   0.88641E+11   0.99943E+00   0.18926E-03   0.94628E-03   0.99886E+00   0.20000E+00   0.75050E-07
   0.32215E+07   0.95834E+11   0.99945E+00   0.18202E-03   0.91010E-03   0.99891E+00   0.20000E+00   0.78626E-07
   0.33497E+07   0.10361E+12   0.99947E+00   0.17506E-03   0.87531E-03   0.99895E+00   0.20000E+00   0.81226E-07
   0.34831E+07   0.11202E+12   0.99949E+00   0.16837E-03   0.84184E-03   0.99899E+00   0.20000E+00   0.84278E-07
   0.36217E+07   0.12111E+12   0.99951E+00   0.16193E-03   0.80965E-03   0.99903E+00   0.20000E+00   0.87513E-07
   0.37658E+07   0.13094E+12   0.99953E+00   0.15574E-03   0.77870E-03   0.99907E+00   0.20000E+00   0.91235E-07
   0.39157E+07   0.14157E+12   0.99955E+00   0.14978E-03   0.74892E-03   0.99910E+00   0.20000E+00   0.96110E-07
   0.40715E+07   0.15305E+12   0.99957E+00   0.14406E-03   0.72028E-03   0.99914E+00   0.20000E+00   0.99723E-07
   0.42335E+07   0.16548E+12   0.99958E+00   0.13855E-03   0.69274E-03   0.99917E+00   0.20000E+00   0.10306E-06
   0.44020E+07   0.17891E+12   0.99960E+00   0.13325E-03   0.66624E-03   0.99920E+00   0.20000E+00   0.10676E-06
   0.45772E+07   0.19343E+12   0.99962E+00   0.12815E-03   0.64077E-03   0.99923E+00   0.20000E+00   0.11191E-06
   0.47593E+07   0.20912E+12   0.99963E+00   0.12325E-03   0.61626E-03   0.99926E+00   0.20000E+00   0.11598E-06
   0.49487E+07   0.22610E+12   0.99964E+00   0.11854E-03   0.59269E-03   0.99929E+00   0.20000E+00   0.12028E-06
   0.51457E+07   0.24445E+12   0.99966E+00   0.11400E-03   0.57002E-03   0.99932E+00   0.20000E+00   0.12630E-06
   0.53504E+07   0.26429E+12   0.99967E+00   0.10964E-03   0.54822E-03   0.99934E+00   0.20000E+00   0.13103E-06
   0.55634E+07   0.28574E+12   0.99968E+00   0.10545E-03   0.52725E-03   0.99937E+00   0.20000E+00   0.13581E-06
   0.57848E+07   0.30893E+12   0.99970E+00   0.10142E-03   0.50708E-03   0.99939E+00   0.20000E+00   0.14154E-06
   0.60150E+07   0.33400E+12   0.99971E+00   0.97538E-04   0.48769E-03   0.99941E+00   0.20000E+00   0.14652E-06
   0.62543E+07   0.36111E+12   0.99972E+00   0.93807E-04   0.46903E-03   0.99944E+00   0.20000E+00   0.15232E-06
   0.65032E+07   0.39042E+12   0.99973E+00   0.90218E-04   0.45109E-03   0.99946E+00   0.20000E+00   0.15717E-06
   0.67620E+07   0.42211E+12   0.99974E+00   0.86767E-04   0.43384E-03   0.99948E+00   0.20000E+00   0.16493E-06
   0.70311E+07   0.45637E+12   0.99975E+00   0.83448E-04   0.41724E-03   0.99950E+00   0.20000E+00   0.17207E-06
   0.73109E+07   0.49341E+12   0.99976E+00   0.80256E-04   0.40128E-03   0.99952E+00   0.20000E+00   0.17953E-06
   0.76019E+07   0.53346E+12   0.99977E+00   0.77186E-04   0.38593E-03   0.99954E+00   0.20000E+00   0.18659E-06
   0.79044E+07   0.57675E+12   0.99978E+00   0.74233E-04   0.37116E-03   0.99955E+00   0.20000E+00   0.19130E-06
   0.82190E+07   0.62357E+12   0.99979E+00   0.71393E-04   0.35697E-03   0.99957E+00   0.20000E+00   0.20085E-06
   0.85461E+07   0.67418E+12   0.99979E+00   0.68662E-04   0.34331E-03   0.99959E+00   0.20000E+00   0.20851E-06
   0.88862E+07   0.72890E+12   0.99980E+00   0.66035E-04   0.33017E-03   0.99960E+00   0.20000E+00   0.21832E-06
   0.92398E+07   0.78806E+12   0.99981E+00   0.63509E-04   0.31754E-03   0.99962E+00   0.20000E+00   0.22633E-06
   0.96075E+07   0.85203E+12   0.99982E+00   0.61079E-04   0.30539E-03   0.99963E+00   0.20000E+00   0.23472E-06
   0.99898E+07   0.92119E+12   0.99982E+00   0.58742E-04   0.29371E-03   0.99965E+00   0.20000E+00   0.24551E-06
   0.10387E+08   0.99596E+12   0.99983E+00   0.56495E-04   0.28247E-03   0.99966E+00   0.20000E+00   0.25536E-06
   0.10801E+08   0.10768E+13   0.99984E+00   0.54333E-04   0.27166E-03   0.99967E+00   0.20000E+00   0.26335E-06
   0.11231E+08   0.11642E+13   0.99984E+00   0.52254E-04   0.26127E-03   0.99969E+00   0.20000E+00   0.27453E-06
   0.11678E+08   0.12587E+13   0.99985E+00   0.50255E-04   0.25127E-03   0.99970E+00   0.20000E+00   0.28551E-06
   0.12142E+08   0.13609E+13   0.99985E+00   0.48332E-04   0.24166E-03   0.99971E+00   0.20000E+00   0.29658E-06
   0.12625E+08   0.14713E+13   0.99986E+00   0.46483E-04   0.23241E-03   0.99972E+00   0.20000E+00   0.30906E-06
   0.13128E+08   0.15908E+13   0.99987E+00   0.44704E-04   0.22352E-03   0.99973E+00   0.20000E+00   0.31954E-06
   0.13650E+08   0.17199E+13   0.99987E+00   0.42994E-04   0.21497E-03   0.99974E+00   0.20000E+00   0.33537E-06
   0.14194E+08   0.18595E+13   0.99988E+00   0.41349E-04   0.20674E-03   0.99975E+00   0.20000E+00   0.34603E-06
   0.14758E+08   0.20104E+13   0.99988E+00   0.39767E-04   0.19883E-03   0.99976E+00   0.20000E+00   0.35839E-06
   0.15346E+08   0.21736E+13   0.99989E+00   0.38245E-04   0.19122E-03   0.99977E+00   0.20000E+00   0.37164E-06
   0.15956E+08   0.23500E+13   0.99989E+00   0.36781E-04   0.18391E-03   0.99978E+00   0.20000E+00   0.38791E-06
   0.16591E+08   0.25408E+13   0.99989E+00   0.35374E-04   0.17687E-03   0.99979E+00   0.20000E+00   0.40457E-06
   0.17252E+08   0.27470E+13   0.99990E+00   0.34020E-04   0.17010E-03   0.99980E+00   0.20000E+00   0.42141E-06
   0.17938E+08   0.29700E+13   0.99990E+00   0.32719E-04   0.16359E-03   0.99980E+00   0.20000E+00   0.43593E-06
   0.18652E+08   0.32111E+13   0.99991E+00   0.31467E-04   0.15733E-03   0.99981E+00   0.20000E+00   0.45360E-06
   0.19394E+08   0.34717E+13   0.99991E+00   0.30263E-04   0.15131E-03   0.99982E+00   0.20000E+00   0.47480E-06
   0.20166E+08   0.37535E+13   0.99991E+00   0.29105E-04   0.14552E-03   0.99983E+00   0.20000E+00   0.48972E-06
   0.20969E+08   0.40582E+13   0.99992E+00   0.27991E-04   0.13995E-03   0.99983E+00   0.20000E+00   0.51085E-06
   0.21803E+08   0.43876E+13   0.99992E+00   0.26920E-04   0.13460E-03   0.99984E+00   0.20000E+00   0.53550E-06
   0.22671E+08   0.47438E+13   0.99992E+00   0.25890E-04   0.12945E-03   0.99984E+00   0.20000E+00   0.55617E-06
   0.23573E+08   0.51288E+13   0.99993E+00   0.24899E-04   0.12449E-03   0.99985E+00   0.20000E+00   0.57694E-06
   0.24511E+08   0.55452E+13   0.99993E+00   0.23946E-04   0.11973E-03   0.99986E+00   0.20000E+00   0.59904E-06
   0.25487E+08   0.59953E+13   0.99993E+00   0.23030E-04   0.11515E-03   0.99986E+00   0.20000E+00   0.61726E-06
   0.26501E+08   0.64819E+13   0.99993E+00   0.22148E-04   0.11074E-03   0.99987E+00   0.20000E+00   0.64706E-06
   0.27556E+08   0.70081E+13   0.99994E+00   0.21301E-04   0.10650E-03   0.99987E+00   0.20000E+00   0.67507E-06
   0.28652E+08   0.75770E+13   0.99994E+00   0.20486E-04   0.10243E-03   0.99988E+00   0.20000E+00   0.70082E-06
   0.29792E+08   0.81920E+13   0.99994E+00   0.19702E-04   0.98509E-04   0.99988E+00   0.20000E+00   0.72979E-06
   0.30978E+08   0.88570E+13   0.99994E+00   0.18948E-04   0.94739E-04   0.99989E+00   0.20000E+00   0.75411E-06
   0.32211E+08   0.95759E+13   0.99995E+00   0.18223E-04   0.91113E-04   0.99989E+00   0.20000E+00   0.77365E-06
   0.33493E+08   0.10353E+14   0.99995E+00   0.17525E-04   0.87626E-04   0.99989E+00   0.20000E+00   0.81743E-06
   0.34825E+08   0.11194E+14   0.99995E+00   0.16855E-04   0.84273E-04   0.99990E+00   0.20000E+00   0.84849E-06
   0.36211E+08   0.12102E+14   0.99995E+00   0.16210E-04   0.81048E-04   0.99990E+00   0.20000E+00   0.88314E-06
   0.37652E+08   0.13085E+14   0.99995E+00   0.15589E-04   0.77946E-04   0.99991E+00   0.20000E+00   0.91684E-06
   0.39151E+08   0.14147E+14   0.99995E+00   0.14993E-04   0.74963E-04   0.99991E+00   0.20000E+00   0.95915E-06
   0.40709E+08   0.15295E+14   0.99996E+00   0.14419E-04   0.72095E-04   0.99991E+00   0.20000E+00   0.98697E-06
   0.42329E+08   0.16537E+14   0.99996E+00   0.13867E-04   0.69336E-04   0.99992E+00   0.20000E+00   0.10364E-05
   0.44013E+08   0.17879E+14   0.99996E+00   0.13336E-04   0.66682E-04   0.99992E+00   0.20000E+00   0.10860E-05
   0.45765E+08   0.19330E+14   0.99996E+00   0.12826E-04   0.64130E-04   0.99992E+00   0.20000E+00   0.11114E-05
   0.47586E+08   0.20899E+14   0.99996E+00   0.12335E-04   0.61676E-04   0.99993E+00   0.20000E+00   0.11714E-05
   0.49480E+08   0.22596E+14   0.99996E+00   0.11863E-04   0.59316E-04   0.99993E+00   0.20000E+00   0.12015E-05
   0.51449E+08   0.24430E+14   0.99997E+00   0.11409E-04   0.57046E-04   0.99993E+00   0.20000E+00   0.12607E-05
   0.53497E+08   0.26413E+14   0.99997E+00   0.10973E-04   0.54862E-04   0.99993E+00   0.20000E+00   0.12960E-05
   0.55625E+08   0.28557E+14   0.99997E+00   0.10553E-04   0.52763E-04   0.99994E+00   0.20000E+00   0.13634E-05
   0.57839E+08   0.30875E+14   0.99997E+00   0.10149E-04   0.50744E-04   0.99994E+00   0.20000E+00   0.14030E-05
   0.60141E+08   0.33382E+14   0.99997E+00   0.97604E-05   0.48802E-04   0.99994E+00   0.20000E+00   0.14704E-05
   0.62534E+08   0.36091E+14   0.99997E+00   0.93868E-05   0.46934E-04   0.99994E+00   0.20000E+00   0.15258E-05
   0.65023E+08   0.39021E+14   0.99997E+00   0.90276E-05   0.45138E-04   0.99995E+00   0.20000E+00   0.15955E-05
   0.67611E+08   0.42189E+14   0.99997E+00   0.86821E-05   0.43410E-04   0.99995E+00   0.20000E+00   0.16495E-05
   0.70301E+08   0.45613E+14   0.99997E+00   0.83498E-05   0.41749E-04   0.99995E+00   0.20000E+00   0.17338E-05
   0.73099E+08   0.49316E+14   0.99998E+00   0.80303E-05   0.40151E-04   0.99995E+00   0.20000E+00   0.17837E-05
   0.76008E+08   0.53319E+14   0.99998E+00   0.77230E-05   0.38615E-04   0.99995E+00   0.20000E+00   0.18751E-05
   0.79033E+08   0.57647E+14   0.99998E+00   0.74274E-05   0.37137E-04   0.99996E+00   0.20000E+00   0.19442E-05
   0.82178E+08   0.62327E+14   0.99998E+00   0.71431E-05   0.35715E-04   0.99996E+00   0.20000E+00   0.20125E-05
   0.85448E+08   0.67386E+14   0.99998E+00   0.68698E-05   0.34349E-04   0.99996E+00   0.20000E+00   0.20895E-05
   0.88849E+08   0.72856E+14   0.99998E+00   0.66068E-05   0.33034E-04   0.99996E+00   0.20000E+00   0.21816E-05
   0.92384E+08   0.78770E+14   0.99998E+00   0.63540E-05   0.31770E-04   0.99996E+00   0.20000E+00   0.22485E-05
   0.96061E+08   0.85164E+14   0.99998E+00   0.61108E-05   0.30554E-04   0.99996E+00   0.20000E+00   0.23500E-05
   0.99884E+08   0.92077E+14   0.99998E+00   0.58770E-05   0.29385E-04   0.99996E+00   0.20000E+00   0.24252E-05
   0.10386E+09   0.99552E+14   0.99998E+00   0.56520E-05   0.28260E-04   0.99997E+00   0.20000E+00   0.25369E-05
   0.10799E+09   0.10763E+15   0.99998E+00   0.54357E-05   0.27178E-04   0.99997E+00   0.20000E+00   0.26341E-05
   0.11229E+09   0.11637E+15   0.99998E+00   0.52277E-05   0.26138E-04   0.99997E+00   0.20000E+00   0.27509E-05
   0.11676E+09   0.12582E+15   0.99998E+00   0.50276E-05   0.25138E-04   0.99997E+00   0.20000E+00   0.28389E-05
   0.12140E+09   0.13603E+15   0.99999E+00   0.48352E-05   0.24176E-04   0.99997E+00   0.20000E+00   0.29722E-05
   0.12624E+09   0.14707E+15   0.99999E+00   0.46502E-05   0.23251E-04   0.99997E+00   0.20000E+00   0.30897E-05
   0.13126E+09   0.15901E+15   0.99999E+00   0.44722E-05   0.22361E-04   0.99997E+00   0.20000E+00   0.31680E-05
   0.13648E+09   0.17192E+15   0.99999E+00   0.43010E-05   0.21505E-04   0.99997E+00   0.20000E+00   0.33608E-05
   0.14191E+09   0.18587E+15   0.99999E+00   0.41364E-05   0.20682E-04   0.99998E+00   0.20000E+00   0.34880E-05
   0.14756E+09   0.20096E+15   0.99999E+00   0.39781E-05   0.19890E-04   0.99998E+00   0.20000E+00   0.36156E-05
   0.15343E+09   0.21727E+15   0.99999E+00   0.38259E-05   0.19129E-04   0.99998E+00   0.20000E+00   0.38081E-05
   0.15954E+09   0.23491E+15   0.99999E+00   0.36795E-05   0.18397E-04   0.99998E+00   0.20000E+00   0.38690E-05
   0.16589E+09   0.25398E+15   0.99999E+00   0.35386E-05   0.17693E-04   0.99998E+00   0.20000E+00   0.40382E-05
   0.17249E+09   0.27460E+15   0.99999E+00   0.34032E-05   0.17016E-04   0.99998E+00   0.20000E+00   0.42358E-05
   0.17936E+09   0.29689E+15   0.99999E+00   0.32730E-05   0.16365E-04   0.99998E+00   0.20000E+00   0.44162E-05
   0.18649E+09   0.32099E+15   0.99999E+00   0.31477E-05   0.15738E-04   0.99998E+00   0.20000E+00   0.45250E-05
   0.19392E+09   0.34704E+15   0.99999E+00   0.30272E-05   0.15136E-04   0.99998E+00   0.20000E+00   0.47454E-05
   0.20163E+09   0.37521E+15   0.99999E+00   0.29114E-05   0.14557E-04   0.99998E+00   0.20000E+00   0.48884E-05
   0.20966E+09   0.40567E+15   0.99999E+00   0.28000E-05   0.14000E-04   0.99998E+00   0.20000E+00   0.51453E-05
   0.21800E+09   0.43860E+15   0.99999E+00   0.26928E-05   0.13464E-04   0.99998E+00   0.20000E+00   0.53116E-05
   0.22668E+09   0.47421E+15   0.99999E+00   0.25897E-05   0.12948E-04   0.99998E+00   0.20000E+00   0.55553E-05
   0.23570E+09   0.51270E+15   0.99999E+00   0.24906E-05   0.12453E-04   0.99999E+00   0.20000E+00   0.56887E-05
   0.24508E+09   0.55432E+15   0.99999E+00   0.23953E-05   0.11976E-04   0.99999E+00   0.20000E+00   0.59765E-05
   0.25483E+09   0.59932E+15   0.99999E+00   0.23036E-05   0.11518E-04   0.99999E+00   0.20000E+00   0.61957E-05
   0.26497E+09   0.64797E+15   0.99999E+00   0.22155E-05   0.11077E-04   0.99999E+00   0.20000E+00   0.63940E-05
   0.27551E+09   0.70056E+15   0.99999E+00   0.21307E-05   0.10653E-04   0.99999E+00   0.20000E+00   0.67626E-05
   0.28648E+09   0.75743E+15   0.99999E+00   0.20491E-05   0.10245E-04   0.99999E+00   0.20000E+00   0.70036E-05
   0.29788E+09   0.81892E+15   0.99999E+00   0.19707E-05   0.98533E-05   0.99999E+00   0.20000E+00   0.73514E-05
   0.30973E+09   0.88539E+15   0.99999E+00   0.18953E-05   0.94762E-05   0.99999E+00   0.20000E+00   0.75373E-05
   0.32206E+09   0.95727E+15   0.99999E+00   0.18228E-05   0.91135E-05   0.99999E+00   0.20000E+00   0.78800E-05
   0.33488E+09   0.10350E+16   0.99999E+00   0.17530E-05   0.87647E-05   0.99999E+00   0.20000E+00   0.81997E-05
   0.34820E+09   0.11190E+16   0.99999E+00   0.16859E-05   0.84293E-05   0.99999E+00   0.20001E+00   0.84169E-05
   0.36206E+09   0.12098E+16   0.10000E+01   0.16214E-05   0.81067E-05   0.99999E+00   0.20001E+00   0.87873E-05
   0.37647E+09   0.13080E+16   0.10000E+01   0.15593E-05   0.77964E-05   0.99999E+00   0.20001E+00   0.91765E-05
   0.39145E+09   0.14142E+16   0.10000E+01   0.14997E-05   0.74980E-05   0.99999E+00   0.20001E+00   0.95671E-05
   0.40703E+09   0.15290E+16   0.10000E+01   0.14423E-05   0.72111E-05   0.99999E+00   0.20001E+00   0.99128E-05
   0.42323E+09   0.16531E+16   0.10000E+01   0.13871E-05   0.69351E-05   0.99999E+00   0.20001E+00   0.10401E-04
   0.44007E+09   0.17873E+16   0.10000E+01   0.13340E-05   0.66697E-05   0.99999E+00   0.20001E+00   0.10813E-04
   0.45758E+09   0.19324E+16   0.10000E+01   0.12829E-05   0.64144E-05   0.99999E+00   0.20001E+00   0.11199E-04
   0.47579E+09   0.20893E+16   0.10000E+01   0.12338E-05   0.61689E-05   0.99999E+00   0.20001E+00   0.11479E-04
   0.49473E+09   0.22589E+16   0.10000E+01   0.11866E-05   0.59328E-05   0.99999E+00   0.20001E+00   0.12093E-04
   0.51442E+09   0.24422E+16   0.10000E+01   0.11412E-05   0.57057E-05   0.99999E+00   0.20001E+00   0.12437E-04
   0.53489E+09   0.26405E+16   0.10000E+01   0.10975E-05   0.54874E-05   0.99999E+00   0.20001E+00   0.12895E-04
   0.55617E+09   0.28548E+16   0.10000E+01   0.10555E-05   0.52774E-05   0.99999E+00   0.20001E+00   0.13525E-04
   0.57831E+09   0.30865E+16   0.10000E+01   0.10151E-05   0.50754E-05   0.99999E+00   0.20001E+00   0.14226E-04
   0.60132E+09   0.33371E+16   0.10000E+01   0.97627E-06   0.48811E-05   0.99999E+00   0.20001E+00   0.14576E-04
   0.62525E+09   0.36080E+16   0.10000E+01   0.93891E-06   0.46943E-05   0.99999E+00   0.20001E+00   0.15310E-04
   0.65013E+09   0.39009E+16   0.10000E+01   0.90297E-06   0.45147E-05   0.99999E+00   0.20001E+00   0.15770E-04
   0.67601E+09   0.42175E+16   0.10000E+01   0.86842E-06   0.43419E-05   0.99999E+00   0.20001E+00   0.16346E-04
   0.70291E+09   0.45599E+16   0.10000E+01   0.83518E-06   0.41757E-05   0.99999E+00   0.20001E+00   0.17170E-04
   0.73088E+09   0.49300E+16   0.10000E+01   0.80322E-06   0.40159E-05   0.10000E+01   0.20001E+00   0.17929E-04
   0.75997E+09   0.53302E+16   0.10000E+01   0.77248E-06   0.38622E-05   0.10000E+01   0.20001E+00   0.18648E-04
   0.79021E+09   0.57629E+16   0.10000E+01   0.74292E-06   0.37144E-05   0.10000E+01   0.20001E+00   0.19152E-04
   0.82166E+09   0.62307E+16   0.10000E+01   0.71448E-06   0.35722E-05   0.10000E+01   0.20001E+00   0.20100E-04
   0.85436E+09   0.67365E+16   0.10000E+01   0.68714E-06   0.34355E-05   0.10000E+01   0.20001E+00   0.20933E-04
   0.88836E+09   0.72833E+16   0.10000E+01   0.66084E-06   0.33040E-05   0.10000E+01   0.20001E+00   0.21800E-04
   0.92371E+09   0.78746E+16   0.10000E+01   0.63555E-06   0.31775E-05   0.10000E+01   0.20001E+00   0.22251E-04
   0.96047E+09   0.85138E+16   0.10000E+01   0.61123E-06   0.30559E-05   0.10000E+01   0.20001E+00   0.23627E-04
   0.99869E+09   0.92049E+16   0.10000E+01   0.58784E-06   0.29390E-05   0.10000E+01   0.20001E+00   0.24198E-04
   0.10384E+10   0.99521E+16   0.10000E+01   0.56534E-06   0.28265E-05   0.10000E+01   0.20002E+00   0.25534E-04
