 ### omegam = 0.35; h = 0.70; omega_radiaton = 0.00008517
   0.00000E+00   0.10000E+01  -0.94974E+00   0.64991E+00   0.35000E+00   0.85175E-04   0.18569E+01  -0.14871E+01
   0.39796E-01   0.10043E+01  -0.82940E+00   0.60980E+00   0.39010E+00   0.98711E-04   0.15632E+01  -0.14534E+01
   0.81175E-01   0.10134E+01  -0.70756E+00   0.56919E+00   0.43070E+00   0.11332E-03   0.13215E+01  -0.14144E+01
   0.12420E+00   0.10275E+01  -0.58652E+00   0.52884E+00   0.47103E+00   0.12887E-03   0.11227E+01  -0.13698E+01
   0.16894E+00   0.10466E+01  -0.46852E+00   0.48951E+00   0.51035E+00   0.14518E-03   0.95916E+00  -0.13191E+01
   0.21546E+00   0.10709E+01  -0.35557E+00   0.45186E+00   0.54798E+00   0.16209E-03   0.82459E+00  -0.12624E+01
   0.26383E+00   0.11005E+01  -0.24935E+00   0.41645E+00   0.58337E+00   0.17942E-03   0.71387E+00  -0.11997E+01
   0.31412E+00   0.11354E+01  -0.15109E+00   0.38370E+00   0.61611E+00   0.19703E-03   0.62278E+00  -0.11314E+01
   0.36642E+00   0.11758E+01  -0.61580E-01   0.35386E+00   0.64593E+00   0.21479E-03   0.54783E+00  -0.10582E+01
   0.42080E+00   0.12216E+01   0.18832E-01   0.32706E+00   0.67271E+00   0.23260E-03   0.48618E+00  -0.98104E+00
   0.47734E+00   0.12729E+01   0.90170E-01   0.30328E+00   0.69647E+00   0.25040E-03   0.43545E+00  -0.90117E+00
   0.53613E+00   0.13299E+01   0.15276E+00   0.28241E+00   0.71732E+00   0.26815E-03   0.39371E+00  -0.82002E+00
   0.59727E+00   0.13926E+01   0.20713E+00   0.26429E+00   0.73542E+00   0.28586E-03   0.35937E+00  -0.73912E+00
   0.66083E+00   0.14612E+01   0.25397E+00   0.24868E+00   0.75102E+00   0.30354E-03   0.33112E+00  -0.65998E+00
   0.72692E+00   0.15357E+01   0.29402E+00   0.23533E+00   0.76435E+00   0.32122E-03   0.30788E+00  -0.58398E+00
   0.79565E+00   0.16163E+01   0.32806E+00   0.22398E+00   0.77568E+00   0.33896E-03   0.28875E+00  -0.51228E+00
   0.86711E+00   0.17033E+01   0.35683E+00   0.21439E+00   0.78525E+00   0.35680E-03   0.27302E+00  -0.44576E+00
   0.94141E+00   0.17968E+01   0.38104E+00   0.20632E+00   0.79330E+00   0.37480E-03   0.26008E+00  -0.38500E+00
   0.10187E+01   0.18970E+01   0.40134E+00   0.19955E+00   0.80005E+00   0.39303E-03   0.24943E+00  -0.33027E+00
   0.10990E+01   0.20043E+01   0.41830E+00   0.19390E+00   0.80569E+00   0.41155E-03   0.24067E+00  -0.28162E+00
   0.11825E+01   0.21190E+01   0.43243E+00   0.18919E+00   0.81038E+00   0.43042E-03   0.23346E+00  -0.23885E+00
   0.12694E+01   0.22414E+01   0.44419E+00   0.18527E+00   0.81428E+00   0.44970E-03   0.22753E+00  -0.20163E+00
   0.13597E+01   0.23718E+01   0.45395E+00   0.18202E+00   0.81751E+00   0.46946E-03   0.22265E+00  -0.16953E+00
   0.14536E+01   0.25106E+01   0.46204E+00   0.17932E+00   0.82019E+00   0.48974E-03   0.21863E+00  -0.14204E+00
   0.15513E+01   0.26584E+01   0.46874E+00   0.17709E+00   0.82240E+00   0.51060E-03   0.21533E+00  -0.11865E+00
   0.16528E+01   0.28156E+01   0.47428E+00   0.17524E+00   0.82423E+00   0.53210E-03   0.21261E+00  -0.98866E-01
   0.17584E+01   0.29826E+01   0.47886E+00   0.17371E+00   0.82573E+00   0.55428E-03   0.21038E+00  -0.82205E-01
   0.18681E+01   0.31600E+01   0.48264E+00   0.17245E+00   0.82697E+00   0.57720E-03   0.20854E+00  -0.68229E-01
   0.19823E+01   0.33484E+01   0.48576E+00   0.17141E+00   0.82799E+00   0.60091E-03   0.20702E+00  -0.56545E-01
   0.21009E+01   0.35485E+01   0.48834E+00   0.17055E+00   0.82882E+00   0.62546E-03   0.20578E+00  -0.46803E-01
   0.22244E+01   0.37609E+01   0.49047E+00   0.16984E+00   0.82950E+00   0.65088E-03   0.20475E+00  -0.38699E-01
   0.23527E+01   0.39862E+01   0.49222E+00   0.16926E+00   0.83006E+00   0.67724E-03   0.20391E+00  -0.31971E-01
   0.24861E+01   0.42254E+01   0.49367E+00   0.16878E+00   0.83052E+00   0.70458E-03   0.20322E+00  -0.26393E-01
   0.26248E+01   0.44791E+01   0.49487E+00   0.16838E+00   0.83089E+00   0.73295E-03   0.20265E+00  -0.21776E-01
   0.27691E+01   0.47483E+01   0.49585E+00   0.16805E+00   0.83119E+00   0.76239E-03   0.20218E+00  -0.17957E-01
   0.29191E+01   0.50338E+01   0.49667E+00   0.16778E+00   0.83143E+00   0.79296E-03   0.20179E+00  -0.14802E-01
   0.30750E+01   0.53366E+01   0.49735E+00   0.16755E+00   0.83162E+00   0.82471E-03   0.20147E+00  -0.12198E-01
   0.32372E+01   0.56578E+01   0.49791E+00   0.16736E+00   0.83178E+00   0.85769E-03   0.20121E+00  -0.10048E-01
   0.34058E+01   0.59985E+01   0.49837E+00   0.16721E+00   0.83190E+00   0.89195E-03   0.20100E+00  -0.82760E-02
   0.35812E+01   0.63597E+01   0.49876E+00   0.16708E+00   0.83199E+00   0.92755E-03   0.20082E+00  -0.68149E-02
   0.37635E+01   0.67428E+01   0.49908E+00   0.16697E+00   0.83206E+00   0.96454E-03   0.20068E+00  -0.56109E-02
   0.39530E+01   0.71491E+01   0.49935E+00   0.16688E+00   0.83211E+00   0.10030E-02   0.20056E+00  -0.46191E-02
   0.41501E+01   0.75799E+01   0.49957E+00   0.16681E+00   0.83215E+00   0.10429E-02   0.20046E+00  -0.38021E-02
   0.43551E+01   0.80367E+01   0.49976E+00   0.16675E+00   0.83217E+00   0.10845E-02   0.20038E+00  -0.31294E-02
   0.45682E+01   0.85212E+01   0.49992E+00   0.16669E+00   0.83218E+00   0.11277E-02   0.20031E+00  -0.25755E-02
   0.47898E+01   0.90349E+01   0.50006E+00   0.16665E+00   0.83218E+00   0.11725E-02   0.20025E+00  -0.21196E-02
   0.50202E+01   0.95796E+01   0.50017E+00   0.16661E+00   0.83217E+00   0.12192E-02   0.20021E+00  -0.17442E-02
   0.52598E+01   0.10157E+02   0.50028E+00   0.16657E+00   0.83216E+00   0.12677E-02   0.20017E+00  -0.14353E-02
   0.55089E+01   0.10770E+02   0.50036E+00   0.16655E+00   0.83214E+00   0.13181E-02   0.20014E+00  -0.11811E-02
   0.57679E+01   0.11419E+02   0.50044E+00   0.16652E+00   0.83211E+00   0.13705E-02   0.20012E+00  -0.97182E-03
   0.60373E+01   0.12108E+02   0.50051E+00   0.16650E+00   0.83208E+00   0.14250E-02   0.20010E+00  -0.79963E-03
   0.63173E+01   0.12838E+02   0.50058E+00   0.16647E+00   0.83204E+00   0.14816E-02   0.20008E+00  -0.65794E-03
   0.66085E+01   0.13612E+02   0.50064E+00   0.16645E+00   0.83200E+00   0.15405E-02   0.20006E+00  -0.54135E-03
   0.69113E+01   0.14433E+02   0.50069E+00   0.16644E+00   0.83196E+00   0.16017E-02   0.20005E+00  -0.44541E-03
   0.72261E+01   0.15303E+02   0.50074E+00   0.16642E+00   0.83192E+00   0.16654E-02   0.20004E+00  -0.36648E-03
   0.75535E+01   0.16226E+02   0.50079E+00   0.16640E+00   0.83187E+00   0.17316E-02   0.20004E+00  -0.30152E-03
   0.78939E+01   0.17205E+02   0.50084E+00   0.16639E+00   0.83181E+00   0.18004E-02   0.20003E+00  -0.24808E-03
   0.82478E+01   0.18243E+02   0.50089E+00   0.16637E+00   0.83176E+00   0.18719E-02   0.20002E+00  -0.20411E-03
   0.86159E+01   0.19343E+02   0.50093E+00   0.16636E+00   0.83170E+00   0.19462E-02   0.20002E+00  -0.16794E-03
   0.89985E+01   0.20510E+02   0.50098E+00   0.16634E+00   0.83164E+00   0.20235E-02   0.20002E+00  -0.13817E-03
   0.93964E+01   0.21748E+02   0.50102E+00   0.16633E+00   0.83157E+00   0.21039E-02   0.20001E+00  -0.11368E-03
   0.98102E+01   0.23060E+02   0.50107E+00   0.16631E+00   0.83150E+00   0.21875E-02   0.20001E+00  -0.93530E-04
   0.10240E+02   0.24451E+02   0.50112E+00   0.16629E+00   0.83143E+00   0.22743E-02   0.20001E+00  -0.76952E-04
   0.10688E+02   0.25926E+02   0.50117E+00   0.16628E+00   0.83136E+00   0.23646E-02   0.20001E+00  -0.63313E-04
   0.11153E+02   0.27490E+02   0.50122E+00   0.16626E+00   0.83128E+00   0.24585E-02   0.20001E+00  -0.52091E-04
   0.11636E+02   0.29149E+02   0.50127E+00   0.16624E+00   0.83120E+00   0.25561E-02   0.20001E+00  -0.42858E-04
   0.12139E+02   0.30907E+02   0.50132E+00   0.16623E+00   0.83112E+00   0.26575E-02   0.20000E+00  -0.35262E-04
   0.12662E+02   0.32772E+02   0.50137E+00   0.16621E+00   0.83103E+00   0.27630E-02   0.20000E+00  -0.29013E-04
   0.13206E+02   0.34750E+02   0.50143E+00   0.16619E+00   0.83094E+00   0.28726E-02   0.20000E+00  -0.23871E-04
   0.13771E+02   0.36847E+02   0.50149E+00   0.16617E+00   0.83084E+00   0.29866E-02   0.20000E+00  -0.19640E-04
   0.14359E+02   0.39071E+02   0.50155E+00   0.16615E+00   0.83074E+00   0.31051E-02   0.20000E+00  -0.16160E-04
   0.14970E+02   0.41428E+02   0.50161E+00   0.16613E+00   0.83064E+00   0.32283E-02   0.20000E+00  -0.13296E-04
   0.15606E+02   0.43929E+02   0.50168E+00   0.16611E+00   0.83054E+00   0.33563E-02   0.20000E+00  -0.10940E-04
   0.16267E+02   0.46580E+02   0.50174E+00   0.16609E+00   0.83042E+00   0.34894E-02   0.20000E+00  -0.90021E-05
   0.16954E+02   0.49391E+02   0.50181E+00   0.16606E+00   0.83031E+00   0.36278E-02   0.20000E+00  -0.74073E-05
   0.17668E+02   0.52373E+02   0.50188E+00   0.16604E+00   0.83019E+00   0.37716E-02   0.20000E+00  -0.60953E-05
   0.18411E+02   0.55534E+02   0.50196E+00   0.16601E+00   0.83007E+00   0.39211E-02   0.20000E+00  -0.50158E-05
   0.19184E+02   0.58886E+02   0.50204E+00   0.16599E+00   0.82994E+00   0.40765E-02   0.20000E+00  -0.41277E-05
   0.19987E+02   0.62441E+02   0.50212E+00   0.16596E+00   0.82980E+00   0.42381E-02   0.20000E+00  -0.33971E-05
   0.20822E+02   0.66211E+02   0.50220E+00   0.16593E+00   0.82966E+00   0.44060E-02   0.20000E+00  -0.27959E-05
   0.21691E+02   0.70209E+02   0.50229E+00   0.16590E+00   0.82952E+00   0.45805E-02   0.20000E+00  -0.23013E-05
   0.22594E+02   0.74448E+02   0.50238E+00   0.16587E+00   0.82936E+00   0.47619E-02   0.20000E+00  -0.18944E-05
   0.23533E+02   0.78944E+02   0.50247E+00   0.16584E+00   0.82921E+00   0.49505E-02   0.20000E+00  -0.15596E-05
   0.24509E+02   0.83711E+02   0.50257E+00   0.16581E+00   0.82904E+00   0.51465E-02   0.20000E+00  -0.12842E-05
   0.25524E+02   0.88766E+02   0.50267E+00   0.16578E+00   0.82887E+00   0.53502E-02   0.20000E+00  -0.10575E-05
   0.26580E+02   0.94127E+02   0.50278E+00   0.16574E+00   0.82870E+00   0.55619E-02   0.20000E+00  -0.87110E-06
   0.27677E+02   0.99813E+02   0.50289E+00   0.16570E+00   0.82851E+00   0.57820E-02   0.20000E+00  -0.71770E-06
   0.28818E+02   0.10584E+03   0.50301E+00   0.16566E+00   0.82832E+00   0.60107E-02   0.20000E+00  -0.59150E-06
   0.30005E+02   0.11224E+03   0.50312E+00   0.16563E+00   0.82813E+00   0.62484E-02   0.20000E+00  -0.48766E-06
   0.31239E+02   0.11902E+03   0.50325E+00   0.16558E+00   0.82792E+00   0.64955E-02   0.20000E+00  -0.40224E-06
   0.32522E+02   0.12621E+03   0.50338E+00   0.16554E+00   0.82771E+00   0.67522E-02   0.20000E+00  -0.33195E-06
   0.33856E+02   0.13383E+03   0.50351E+00   0.16550E+00   0.82748E+00   0.70190E-02   0.20000E+00  -0.27413E-06
   0.35243E+02   0.14192E+03   0.50365E+00   0.16545E+00   0.82725E+00   0.72963E-02   0.20000E+00  -0.22655E-06
   0.36685E+02   0.15050E+03   0.50379E+00   0.16540E+00   0.82701E+00   0.75845E-02   0.20000E+00  -0.18741E-06
   0.38185E+02   0.15960E+03   0.50394E+00   0.16535E+00   0.82676E+00   0.78839E-02   0.20000E+00  -0.15520E-06
   0.39744E+02   0.16924E+03   0.50410E+00   0.16530E+00   0.82650E+00   0.81951E-02   0.20000E+00  -0.12871E-06
   0.41366E+02   0.17948E+03   0.50426E+00   0.16525E+00   0.82623E+00   0.85185E-02   0.20000E+00  -0.10690E-06
   0.43052E+02   0.19033E+03   0.50443E+00   0.16519E+00   0.82595E+00   0.88545E-02   0.20000E+00  -0.88968E-07
   0.44805E+02   0.20184E+03   0.50460E+00   0.16513E+00   0.82566E+00   0.92036E-02   0.20000E+00  -0.74210E-07
   0.46628E+02   0.21404E+03   0.50478E+00   0.16507E+00   0.82536E+00   0.95664E-02   0.20000E+00  -0.62067E-07
   0.48523E+02   0.22699E+03   0.50497E+00   0.16501E+00   0.82505E+00   0.99433E-02   0.20000E+00  -0.52076E-07
   0.50494E+02   0.24072E+03   0.50517E+00   0.16494E+00   0.82472E+00   0.10335E-01   0.20000E+00  -0.43855E-07
   0.52543E+02   0.25529E+03   0.50537E+00   0.16488E+00   0.82438E+00   0.10742E-01   0.20000E+00  -0.37091E-07
   0.54674E+02   0.27073E+03   0.50558E+00   0.16481E+00   0.82403E+00   0.11164E-01   0.20000E+00  -0.31524E-07
   0.56890E+02   0.28712E+03   0.50580E+00   0.16473E+00   0.82366E+00   0.11604E-01   0.20000E+00  -0.26944E-07
   0.59193E+02   0.30450E+03   0.50603E+00   0.16466E+00   0.82328E+00   0.12060E-01   0.20000E+00  -0.23175E-07
   0.61589E+02   0.32293E+03   0.50627E+00   0.16458E+00   0.82289E+00   0.12534E-01   0.20000E+00  -0.20073E-07
   0.64080E+02   0.34248E+03   0.50651E+00   0.16450E+00   0.82248E+00   0.13026E-01   0.20000E+00  -0.17519E-07
   0.66669E+02   0.36322E+03   0.50677E+00   0.16441E+00   0.82205E+00   0.13537E-01   0.20000E+00  -0.15417E-07
   0.69362E+02   0.38522E+03   0.50703E+00   0.16432E+00   0.82161E+00   0.14069E-01   0.20000E+00  -0.13688E-07
   0.72163E+02   0.40856E+03   0.50731E+00   0.16423E+00   0.82115E+00   0.14620E-01   0.20000E+00  -0.12262E-07
   0.75074E+02   0.43332E+03   0.50760E+00   0.16413E+00   0.82067E+00   0.15193E-01   0.20000E+00  -0.11089E-07
   0.78102E+02   0.45958E+03   0.50789E+00   0.16404E+00   0.82018E+00   0.15788E-01   0.20000E+00  -0.10123E-07
   0.81250E+02   0.48744E+03   0.50820E+00   0.16393E+00   0.81966E+00   0.16406E-01   0.20000E+00  -0.93254E-08
   0.84523E+02   0.51699E+03   0.50852E+00   0.16383E+00   0.81913E+00   0.17048E-01   0.20000E+00  -0.86688E-08
   0.87926E+02   0.54834E+03   0.50886E+00   0.16371E+00   0.81857E+00   0.17714E-01   0.20000E+00  -0.81270E-08
   0.91465E+02   0.58160E+03   0.50920E+00   0.16360E+00   0.81799E+00   0.18406E-01   0.20000E+00  -0.76792E-08
   0.95145E+02   0.61689E+03   0.50956E+00   0.16348E+00   0.81740E+00   0.19125E-01   0.20000E+00  -0.73097E-08
   0.98971E+02   0.65433E+03   0.50994E+00   0.16335E+00   0.81677E+00   0.19871E-01   0.20000E+00  -0.70045E-08
   0.10295E+03   0.69404E+03   0.51032E+00   0.16323E+00   0.81613E+00   0.20645E-01   0.20000E+00  -0.67521E-08
   0.10709E+03   0.73619E+03   0.51072E+00   0.16309E+00   0.81546E+00   0.21449E-01   0.20000E+00  -0.65404E-08
   0.11139E+03   0.78090E+03   0.51114E+00   0.16295E+00   0.81476E+00   0.22284E-01   0.20000E+00  -0.63657E-08
   0.11586E+03   0.82834E+03   0.51158E+00   0.16281E+00   0.81404E+00   0.23150E-01   0.20000E+00  -0.62215E-08
   0.12051E+03   0.87868E+03   0.51202E+00   0.16266E+00   0.81329E+00   0.24049E-01   0.20000E+00  -0.60997E-08
   0.12535E+03   0.93210E+03   0.51249E+00   0.16250E+00   0.81251E+00   0.24982E-01   0.20000E+00  -0.59979E-08
   0.13037E+03   0.98878E+03   0.51298E+00   0.16234E+00   0.81171E+00   0.25951E-01   0.20000E+00  -0.59123E-08
   0.13560E+03   0.10489E+04   0.51348E+00   0.16217E+00   0.81087E+00   0.26956E-01   0.20000E+00  -0.58386E-08
   0.14104E+03   0.11128E+04   0.51400E+00   0.16200E+00   0.81000E+00   0.27998E-01   0.20000E+00  -0.57780E-08
   0.14669E+03   0.11805E+04   0.51454E+00   0.16182E+00   0.80910E+00   0.29080E-01   0.20000E+00  -0.57231E-08
   0.15257E+03   0.12524E+04   0.51510E+00   0.16163E+00   0.80816E+00   0.30203E-01   0.20000E+00  -0.56780E-08
   0.15868E+03   0.13287E+04   0.51568E+00   0.16144E+00   0.80719E+00   0.31367E-01   0.20000E+00  -0.56370E-08
   0.16503E+03   0.14097E+04   0.51629E+00   0.16124E+00   0.80619E+00   0.32574E-01   0.20000E+00  -0.56009E-08
   0.17164E+03   0.14956E+04   0.51691E+00   0.16103E+00   0.80514E+00   0.33827E-01   0.20000E+00  -0.55686E-08
   0.17851E+03   0.15868E+04   0.51756E+00   0.16081E+00   0.80406E+00   0.35126E-01   0.20000E+00  -0.55393E-08
   0.18566E+03   0.16837E+04   0.51824E+00   0.16059E+00   0.80294E+00   0.36473E-01   0.20000E+00  -0.55126E-08
   0.19308E+03   0.17865E+04   0.51893E+00   0.16036E+00   0.80178E+00   0.37869E-01   0.20000E+00  -0.54869E-08
   0.20081E+03   0.18956E+04   0.51966E+00   0.16011E+00   0.80057E+00   0.39317E-01   0.20000E+00  -0.54639E-08
   0.20884E+03   0.20114E+04   0.52041E+00   0.15986E+00   0.79932E+00   0.40818E-01   0.20000E+00  -0.54414E-08
   0.21719E+03   0.21344E+04   0.52119E+00   0.15960E+00   0.79802E+00   0.42373E-01   0.20000E+00  -0.54207E-08
   0.22587E+03   0.22650E+04   0.52199E+00   0.15934E+00   0.79668E+00   0.43985E-01   0.20000E+00  -0.53983E-08
   0.23490E+03   0.24036E+04   0.52283E+00   0.15906E+00   0.79529E+00   0.45656E-01   0.20000E+00  -0.53779E-08
   0.24429E+03   0.25509E+04   0.52369E+00   0.15877E+00   0.79384E+00   0.47387E-01   0.20000E+00  -0.53569E-08
   0.25405E+03   0.27072E+04   0.52459E+00   0.15847E+00   0.79235E+00   0.49180E-01   0.20000E+00  -0.53362E-08
   0.26420E+03   0.28732E+04   0.52552E+00   0.15816E+00   0.79080E+00   0.51037E-01   0.20000E+00  -0.53146E-08
   0.27476E+03   0.30495E+04   0.52648E+00   0.15784E+00   0.78920E+00   0.52961E-01   0.20000E+00  -0.52943E-08
   0.28573E+03   0.32367E+04   0.52748E+00   0.15751E+00   0.78754E+00   0.54952E-01   0.20000E+00  -0.52727E-08
   0.29714E+03   0.34356E+04   0.52851E+00   0.15716E+00   0.78582E+00   0.57015E-01   0.20000E+00  -0.52511E-08
   0.30900E+03   0.36468E+04   0.52957E+00   0.15681E+00   0.78404E+00   0.59149E-01   0.20000E+00  -0.52278E-08
   0.32134E+03   0.38712E+04   0.53068E+00   0.15644E+00   0.78220E+00   0.61359E-01   0.20000E+00  -0.52050E-08
   0.33417E+03   0.41096E+04   0.53182E+00   0.15606E+00   0.78030E+00   0.63645E-01   0.20000E+00  -0.51816E-08
   0.34751E+03   0.43629E+04   0.53301E+00   0.15566E+00   0.77832E+00   0.66011E-01   0.20000E+00  -0.51579E-08
   0.36138E+03   0.46320E+04   0.53423E+00   0.15526E+00   0.77629E+00   0.68458E-01   0.20000E+00  -0.51320E-08
   0.37580E+03   0.49179E+04   0.53549E+00   0.15484E+00   0.77418E+00   0.70989E-01   0.20000E+00  -0.51066E-08
   0.39079E+03   0.52217E+04   0.53680E+00   0.15440E+00   0.77199E+00   0.73606E-01   0.20000E+00  -0.50811E-08
   0.40638E+03   0.55446E+04   0.53816E+00   0.15395E+00   0.76974E+00   0.76312E-01   0.20000E+00  -0.50533E-08
   0.42260E+03   0.58878E+04   0.53955E+00   0.15348E+00   0.76741E+00   0.79108E-01   0.20000E+00  -0.50261E-08
   0.43945E+03   0.62525E+04   0.54100E+00   0.15300E+00   0.76500E+00   0.81998E-01   0.20000E+00  -0.49969E-08
   0.45698E+03   0.66402E+04   0.54249E+00   0.15250E+00   0.76251E+00   0.84984E-01   0.20000E+00  -0.49673E-08
   0.47521E+03   0.70524E+04   0.54403E+00   0.15199E+00   0.75994E+00   0.88068E-01   0.20000E+00  -0.49371E-08
   0.49416E+03   0.74907E+04   0.54563E+00   0.15146E+00   0.75729E+00   0.91253E-01   0.20000E+00  -0.49056E-08
   0.51386E+03   0.79566E+04   0.54727E+00   0.15091E+00   0.75455E+00   0.94542E-01   0.20000E+00  -0.48730E-08
   0.53435E+03   0.84522E+04   0.54897E+00   0.15034E+00   0.75172E+00   0.97935E-01   0.20000E+00  -0.48410E-08
   0.55566E+03   0.89791E+04   0.55072E+00   0.14976E+00   0.74880E+00   0.10144E+00   0.20000E+00  -0.48055E-08
   0.57781E+03   0.95396E+04   0.55253E+00   0.14916E+00   0.74579E+00   0.10505E+00   0.20000E+00  -0.47707E-08
   0.60085E+03   0.10136E+05   0.55439E+00   0.14854E+00   0.74269E+00   0.10878E+00   0.20000E+00  -0.47352E-08
   0.62480E+03   0.10770E+05   0.55631E+00   0.14790E+00   0.73949E+00   0.11262E+00   0.20000E+00  -0.46979E-08
   0.64970E+03   0.11445E+05   0.55829E+00   0.14724E+00   0.73619E+00   0.11658E+00   0.20000E+00  -0.46600E-08
   0.67560E+03   0.12163E+05   0.56033E+00   0.14656E+00   0.73279E+00   0.12066E+00   0.20000E+00  -0.46203E-08
   0.70252E+03   0.12927E+05   0.56243E+00   0.14586E+00   0.72928E+00   0.12486E+00   0.20000E+00  -0.45805E-08
   0.73052E+03   0.13740E+05   0.56459E+00   0.14514E+00   0.72568E+00   0.12919E+00   0.20000E+00  -0.45390E-08
   0.75963E+03   0.14606E+05   0.56682E+00   0.14439E+00   0.72197E+00   0.13364E+00   0.20000E+00  -0.44970E-08
   0.78990E+03   0.15528E+05   0.56911E+00   0.14363E+00   0.71815E+00   0.13822E+00   0.20000E+00  -0.44520E-08
   0.82138E+03   0.16509E+05   0.57147E+00   0.14284E+00   0.71422E+00   0.14294E+00   0.20000E+00  -0.44077E-08
   0.85410E+03   0.17554E+05   0.57389E+00   0.14204E+00   0.71018E+00   0.14778E+00   0.20000E+00  -0.43627E-08
   0.88813E+03   0.18667E+05   0.57638E+00   0.14121E+00   0.70603E+00   0.15277E+00   0.20000E+00  -0.43154E-08
   0.92352E+03   0.19852E+05   0.57894E+00   0.14035E+00   0.70176E+00   0.15789E+00   0.20000E+00  -0.42674E-08
   0.96031E+03   0.21115E+05   0.58157E+00   0.13948E+00   0.69738E+00   0.16315E+00   0.20000E+00  -0.42187E-08
   0.99856E+03   0.22461E+05   0.58427E+00   0.13858E+00   0.69288E+00   0.16854E+00   0.20000E+00  -0.41690E-08
   0.10383E+04   0.23894E+05   0.58704E+00   0.13765E+00   0.68826E+00   0.17408E+00   0.20000E+00  -0.41180E-08
   0.10797E+04   0.25422E+05   0.58988E+00   0.13671E+00   0.68353E+00   0.17977E+00   0.20000E+00  -0.40647E-08
   0.11227E+04   0.27051E+05   0.59280E+00   0.13573E+00   0.67867E+00   0.18559E+00   0.20000E+00  -0.40122E-08
   0.11674E+04   0.28788E+05   0.59578E+00   0.13474E+00   0.67370E+00   0.19156E+00   0.20000E+00  -0.39571E-08
   0.12139E+04   0.30639E+05   0.59884E+00   0.13372E+00   0.66860E+00   0.19768E+00   0.20000E+00  -0.39015E-08
   0.12623E+04   0.32614E+05   0.60197E+00   0.13268E+00   0.66338E+00   0.20394E+00   0.20000E+00  -0.38463E-08
   0.13126E+04   0.34720E+05   0.60518E+00   0.13161E+00   0.65804E+00   0.21035E+00   0.20000E+00  -0.37876E-08
   0.13648E+04   0.36967E+05   0.60845E+00   0.13052E+00   0.65258E+00   0.21691E+00   0.20000E+00  -0.37308E-08
   0.14192E+04   0.39364E+05   0.61180E+00   0.12940E+00   0.64699E+00   0.22361E+00   0.20000E+00  -0.36710E-08
   0.14757E+04   0.41922E+05   0.61523E+00   0.12826E+00   0.64129E+00   0.23046E+00   0.20000E+00  -0.36096E-08
   0.15345E+04   0.44653E+05   0.61872E+00   0.12709E+00   0.63546E+00   0.23745E+00   0.20000E+00  -0.35492E-08
   0.15956E+04   0.47568E+05   0.62229E+00   0.12590E+00   0.62951E+00   0.24459E+00   0.20000E+00  -0.34876E-08
   0.16591E+04   0.50680E+05   0.62593E+00   0.12469E+00   0.62344E+00   0.25187E+00   0.20000E+00  -0.34242E-08
   0.17252E+04   0.54004E+05   0.62965E+00   0.12345E+00   0.61726E+00   0.25929E+00   0.20000E+00  -0.33607E-08
   0.17939E+04   0.57554E+05   0.63343E+00   0.12219E+00   0.61095E+00   0.26686E+00   0.20000E+00  -0.32956E-08
   0.18653E+04   0.61347E+05   0.63728E+00   0.12091E+00   0.60453E+00   0.27456E+00   0.20000E+00  -0.32299E-08
   0.19396E+04   0.65400E+05   0.64120E+00   0.11960E+00   0.59800E+00   0.28240E+00   0.20000E+00  -0.31641E-08
   0.20168E+04   0.69731E+05   0.64519E+00   0.11827E+00   0.59135E+00   0.29038E+00   0.20000E+00  -0.30960E-08
   0.20971E+04   0.74361E+05   0.64924E+00   0.11692E+00   0.58460E+00   0.29848E+00   0.20000E+00  -0.30299E-08
   0.21806E+04   0.79310E+05   0.65336E+00   0.11555E+00   0.57773E+00   0.30672E+00   0.20000E+00  -0.29624E-08
   0.22674E+04   0.84603E+05   0.65754E+00   0.11415E+00   0.57077E+00   0.31508E+00   0.20000E+00  -0.28955E-08
   0.23577E+04   0.90264E+05   0.66178E+00   0.11274E+00   0.56370E+00   0.32356E+00   0.20000E+00  -0.28268E-08
   0.24515E+04   0.96319E+05   0.66608E+00   0.11131E+00   0.55653E+00   0.33216E+00   0.20000E+00  -0.27562E-08
   0.25491E+04   0.10280E+06   0.67044E+00   0.10985E+00   0.54927E+00   0.34087E+00   0.20000E+00  -0.26887E-08
   0.26506E+04   0.10973E+06   0.67485E+00   0.10838E+00   0.54192E+00   0.34970E+00   0.20000E+00  -0.26188E-08
   0.27562E+04   0.11715E+06   0.67931E+00   0.10690E+00   0.53448E+00   0.35862E+00   0.20000E+00  -0.25491E-08
   0.28659E+04   0.12510E+06   0.68382E+00   0.10539E+00   0.52696E+00   0.36765E+00   0.20000E+00  -0.24798E-08
   0.29800E+04   0.13361E+06   0.68838E+00   0.10387E+00   0.51936E+00   0.37676E+00   0.20000E+00  -0.24116E-08
   0.30986E+04   0.14272E+06   0.69299E+00   0.10234E+00   0.51169E+00   0.38597E+00   0.20000E+00  -0.23418E-08
   0.32219E+04   0.15248E+06   0.69763E+00   0.10079E+00   0.50395E+00   0.39526E+00   0.20000E+00  -0.22702E-08
   0.33502E+04   0.16294E+06   0.70231E+00   0.99229E-01   0.49615E+00   0.40463E+00   0.20000E+00  -0.22021E-08
   0.34836E+04   0.17415E+06   0.70703E+00   0.97657E-01   0.48828E+00   0.41406E+00   0.20000E+00  -0.21334E-08
   0.36222E+04   0.18616E+06   0.71178E+00   0.96074E-01   0.48037E+00   0.42356E+00   0.20000E+00  -0.20635E-08
   0.37664E+04   0.19904E+06   0.71656E+00   0.94481E-01   0.47240E+00   0.43311E+00   0.20000E+00  -0.19960E-08
   0.39164E+04   0.21285E+06   0.72136E+00   0.92880E-01   0.46440E+00   0.44272E+00   0.20000E+00  -0.19300E-08
   0.40723E+04   0.22766E+06   0.72618E+00   0.91272E-01   0.45636E+00   0.45237E+00   0.20000E+00  -0.18598E-08
   0.42344E+04   0.24355E+06   0.73103E+00   0.89658E-01   0.44829E+00   0.46205E+00   0.20000E+00  -0.17944E-08
   0.44029E+04   0.26060E+06   0.73588E+00   0.88039E-01   0.44020E+00   0.47177E+00   0.20000E+00  -0.17290E-08
   0.45782E+04   0.27889E+06   0.74075E+00   0.86417E-01   0.43208E+00   0.48150E+00   0.20000E+00  -0.16644E-08
   0.47604E+04   0.29852E+06   0.74562E+00   0.84792E-01   0.42396E+00   0.49125E+00   0.20000E+00  -0.15987E-08
   0.49499E+04   0.31959E+06   0.75050E+00   0.83166E-01   0.41583E+00   0.50100E+00   0.20000E+00  -0.15348E-08
   0.51469E+04   0.34222E+06   0.75538E+00   0.81540E-01   0.40770E+00   0.51076E+00   0.20000E+00  -0.14708E-08
   0.53518E+04   0.36652E+06   0.76025E+00   0.79916E-01   0.39958E+00   0.52050E+00   0.20000E+00  -0.14110E-08
   0.55648E+04   0.39262E+06   0.76512E+00   0.78294E-01   0.39147E+00   0.53023E+00   0.20000E+00  -0.13491E-08
   0.57863E+04   0.42066E+06   0.76997E+00   0.76676E-01   0.38338E+00   0.53994E+00   0.20000E+00  -0.12890E-08
   0.60166E+04   0.45078E+06   0.77481E+00   0.75063E-01   0.37532E+00   0.54962E+00   0.20000E+00  -0.12281E-08
   0.62561E+04   0.48316E+06   0.77963E+00   0.73457E-01   0.36728E+00   0.55926E+00   0.20000E+00  -0.11694E-08
   0.65051E+04   0.51795E+06   0.78443E+00   0.71857E-01   0.35929E+00   0.56886E+00   0.20000E+00  -0.11138E-08
   0.67640E+04   0.55536E+06   0.78920E+00   0.70267E-01   0.35133E+00   0.57840E+00   0.20000E+00  -0.10569E-08
   0.70332E+04   0.59558E+06   0.79394E+00   0.68686E-01   0.34343E+00   0.58789E+00   0.20000E+00  -0.10019E-08
   0.73131E+04   0.63883E+06   0.79865E+00   0.67115E-01   0.33558E+00   0.59731E+00   0.20000E+00  -0.95005E-09
   0.76042E+04   0.68534E+06   0.80333E+00   0.65557E-01   0.32779E+00   0.60666E+00   0.20000E+00  -0.89824E-09
   0.79069E+04   0.73537E+06   0.80796E+00   0.64012E-01   0.32006E+00   0.61593E+00   0.20000E+00  -0.84821E-09
   0.82216E+04   0.78920E+06   0.81256E+00   0.62480E-01   0.31240E+00   0.62512E+00   0.20000E+00  -0.79522E-09
   0.85488E+04   0.84712E+06   0.81711E+00   0.60964E-01   0.30482E+00   0.63422E+00   0.20000E+00  -0.74725E-09
   0.88890E+04   0.90945E+06   0.82161E+00   0.59463E-01   0.29731E+00   0.64322E+00   0.20000E+00  -0.69988E-09
   0.92428E+04   0.97654E+06   0.82606E+00   0.57979E-01   0.28989E+00   0.65213E+00   0.20000E+00  -0.65015E-09
   0.96107E+04   0.10488E+07   0.83046E+00   0.56512E-01   0.28256E+00   0.66093E+00   0.20000E+00  -0.60751E-09
   0.99932E+04   0.11265E+07   0.83481E+00   0.55064E-01   0.27532E+00   0.66962E+00   0.20000E+00  -0.56014E-09
   0.10391E+05   0.12102E+07   0.83910E+00   0.53635E-01   0.26817E+00   0.67819E+00   0.20000E+00  -0.51958E-09
   0.10804E+05   0.13004E+07   0.84332E+00   0.52225E-01   0.26113E+00   0.68665E+00   0.20000E+00  -0.47606E-09
   0.11234E+05   0.13975E+07   0.84749E+00   0.50836E-01   0.25418E+00   0.69498E+00   0.20000E+00  -0.43580E-09
   0.11682E+05   0.15021E+07   0.85160E+00   0.49468E-01   0.24734E+00   0.70319E+00   0.20000E+00  -0.39317E-09
   0.12147E+05   0.16148E+07   0.85564E+00   0.48121E-01   0.24061E+00   0.71127E+00   0.20000E+00  -0.35942E-09
   0.12630E+05   0.17362E+07   0.85961E+00   0.46797E-01   0.23398E+00   0.71922E+00   0.20000E+00  -0.31945E-09
   0.13133E+05   0.18670E+07   0.86352E+00   0.45494E-01   0.22747E+00   0.72703E+00   0.20000E+00  -0.27770E-09
   0.13655E+05   0.20080E+07   0.86735E+00   0.44215E-01   0.22108E+00   0.73471E+00   0.20000E+00  -0.24662E-09
   0.14199E+05   0.21599E+07   0.87112E+00   0.42959E-01   0.21480E+00   0.74225E+00   0.20000E+00  -0.20547E-09
   0.14764E+05   0.23237E+07   0.87482E+00   0.41727E-01   0.20863E+00   0.74964E+00   0.20000E+00  -0.16994E-09
   0.15351E+05   0.25003E+07   0.87845E+00   0.40518E-01   0.20259E+00   0.75689E+00   0.20000E+00  -0.13678E-09
   0.15962E+05   0.26906E+07   0.88200E+00   0.39333E-01   0.19667E+00   0.76400E+00   0.20000E+00  -0.10599E-09
   0.16598E+05   0.28959E+07   0.88548E+00   0.38172E-01   0.19086E+00   0.77097E+00   0.20000E+00  -0.76383E-10
   0.17258E+05   0.31172E+07   0.88889E+00   0.37036E-01   0.18518E+00   0.77778E+00   0.20000E+00  -0.42633E-10
   0.17945E+05   0.33559E+07   0.89223E+00   0.35924E-01   0.17962E+00   0.78445E+00   0.20000E+00  -0.85858E-11
   0.18659E+05   0.36133E+07   0.89549E+00   0.34837E-01   0.17418E+00   0.79098E+00   0.20000E+00   0.23093E-10
   0.19402E+05   0.38910E+07   0.89868E+00   0.33774E-01   0.16887E+00   0.79736E+00   0.20000E+00   0.52403E-10
   0.20174E+05   0.41905E+07   0.90180E+00   0.32735E-01   0.16367E+00   0.80359E+00   0.20000E+00   0.82897E-10
   0.20977E+05   0.45136E+07   0.90484E+00   0.31720E-01   0.15860E+00   0.80968E+00   0.20000E+00   0.11606E-09
   0.21812E+05   0.48622E+07   0.90781E+00   0.30730E-01   0.15365E+00   0.81562E+00   0.20000E+00   0.14803E-09
   0.22680E+05   0.52383E+07   0.91071E+00   0.29764E-01   0.14882E+00   0.82142E+00   0.20000E+00   0.17408E-09
   0.23582E+05   0.56441E+07   0.91353E+00   0.28822E-01   0.14411E+00   0.82707E+00   0.20000E+00   0.19718E-09
   0.24521E+05   0.60820E+07   0.91629E+00   0.27904E-01   0.13952E+00   0.83258E+00   0.20000E+00   0.22737E-09
   0.25497E+05   0.65547E+07   0.91897E+00   0.27009E-01   0.13504E+00   0.83795E+00   0.20000E+00   0.26379E-09
   0.26511E+05   0.70647E+07   0.92159E+00   0.26137E-01   0.13069E+00   0.84318E+00   0.20000E+00   0.28422E-09
   0.27567E+05   0.76152E+07   0.92413E+00   0.25289E-01   0.12644E+00   0.84827E+00   0.20000E+00   0.31915E-09
   0.28664E+05   0.82095E+07   0.92661E+00   0.24463E-01   0.12231E+00   0.85322E+00   0.20000E+00   0.34935E-09
   0.29804E+05   0.88509E+07   0.92902E+00   0.23659E-01   0.11830E+00   0.85804E+00   0.20000E+00   0.37718E-09
   0.30990E+05   0.95434E+07   0.93137E+00   0.22878E-01   0.11439E+00   0.86273E+00   0.20000E+00   0.41211E-09
   0.32224E+05   0.10291E+08   0.93364E+00   0.22119E-01   0.11059E+00   0.86729E+00   0.20000E+00   0.43876E-09
   0.33506E+05   0.11098E+08   0.93586E+00   0.21381E-01   0.10690E+00   0.87172E+00   0.20000E+00   0.47162E-09
   0.34840E+05   0.11969E+08   0.93801E+00   0.20664E-01   0.10332E+00   0.87602E+00   0.20000E+00   0.49738E-09
   0.36226E+05   0.12910E+08   0.94010E+00   0.19968E-01   0.99839E-01   0.88019E+00   0.20000E+00   0.53380E-09
   0.37668E+05   0.13926E+08   0.94212E+00   0.19292E-01   0.96460E-01   0.88425E+00   0.20000E+00   0.55422E-09
   0.39167E+05   0.15023E+08   0.94409E+00   0.18636E-01   0.93181E-01   0.88818E+00   0.20000E+00   0.58916E-09
   0.40726E+05   0.16208E+08   0.94600E+00   0.18000E-01   0.90000E-01   0.89200E+00   0.20000E+00   0.62765E-09
   0.42346E+05   0.17487E+08   0.94785E+00   0.17383E-01   0.86915E-01   0.89570E+00   0.20000E+00   0.66021E-09
   0.44032E+05   0.18869E+08   0.94965E+00   0.16785E-01   0.83924E-01   0.89929E+00   0.20000E+00   0.69692E-09
   0.45784E+05   0.20362E+08   0.95139E+00   0.16205E-01   0.81024E-01   0.90277E+00   0.20000E+00   0.72357E-09
   0.47606E+05   0.21973E+08   0.95307E+00   0.15643E-01   0.78214E-01   0.90614E+00   0.20000E+00   0.76235E-09
   0.49501E+05   0.23714E+08   0.95471E+00   0.15098E-01   0.75492E-01   0.90941E+00   0.20000E+00   0.80824E-09
   0.51471E+05   0.25595E+08   0.95629E+00   0.14571E-01   0.72855E-01   0.91257E+00   0.20000E+00   0.84673E-09
   0.53519E+05   0.27626E+08   0.95782E+00   0.14060E-01   0.70302E-01   0.91564E+00   0.20000E+00   0.87456E-09
   0.55649E+05   0.29821E+08   0.95930E+00   0.13566E-01   0.67830E-01   0.91860E+00   0.20000E+00   0.91364E-09
   0.57863E+05   0.32191E+08   0.96074E+00   0.13088E-01   0.65438E-01   0.92147E+00   0.20000E+00   0.96456E-09
   0.60166E+05   0.34752E+08   0.96213E+00   0.12625E-01   0.63123E-01   0.92425E+00   0.20000E+00   0.10113E-08
   0.62561E+05   0.37518E+08   0.96347E+00   0.12177E-01   0.60884E-01   0.92694E+00   0.20000E+00   0.10454E-08
   0.65050E+05   0.40507E+08   0.96477E+00   0.11744E-01   0.58718E-01   0.92954E+00   0.20000E+00   0.10996E-08
   0.67639E+05   0.43736E+08   0.96603E+00   0.11325E-01   0.56623E-01   0.93205E+00   0.20000E+00   0.11520E-08
   0.70331E+05   0.47225E+08   0.96724E+00   0.10920E-01   0.54598E-01   0.93448E+00   0.20000E+00   0.11789E-08
   0.73130E+05   0.50995E+08   0.96842E+00   0.10528E-01   0.52640E-01   0.93683E+00   0.20000E+00   0.12363E-08
   0.76040E+05   0.55067E+08   0.96955E+00   0.10150E-01   0.50748E-01   0.93910E+00   0.20000E+00   0.12956E-08
   0.79066E+05   0.59468E+08   0.97065E+00   0.97840E-02   0.48920E-01   0.94130E+00   0.20000E+00   0.13477E-08
   0.82213E+05   0.64223E+08   0.97171E+00   0.94308E-02   0.47154E-01   0.94342E+00   0.20000E+00   0.14125E-08
   0.85484E+05   0.69361E+08   0.97273E+00   0.90895E-02   0.45448E-01   0.94546E+00   0.20000E+00   0.14531E-08
   0.88886E+05   0.74913E+08   0.97372E+00   0.87599E-02   0.43800E-01   0.94744E+00   0.20000E+00   0.15197E-08
   0.92424E+05   0.80913E+08   0.97468E+00   0.84416E-02   0.42208E-01   0.94935E+00   0.20000E+00   0.16129E-08
   0.96102E+05   0.87396E+08   0.97560E+00   0.81343E-02   0.40672E-01   0.95119E+00   0.20000E+00   0.16390E-08
   0.99926E+05   0.94402E+08   0.97649E+00   0.78376E-02   0.39188E-01   0.95297E+00   0.20000E+00   0.17195E-08
   0.10390E+06   0.10197E+09   0.97735E+00   0.75512E-02   0.37756E-01   0.95469E+00   0.20000E+00   0.17906E-08
   0.10804E+06   0.11016E+09   0.97818E+00   0.72749E-02   0.36374E-01   0.95635E+00   0.20000E+00   0.18723E-08
   0.11234E+06   0.11900E+09   0.97898E+00   0.70081E-02   0.35041E-01   0.95795E+00   0.20000E+00   0.19433E-08
   0.11681E+06   0.12855E+09   0.97975E+00   0.67508E-02   0.33754E-01   0.95950E+00   0.20000E+00   0.20064E-08
   0.12146E+06   0.13888E+09   0.98049E+00   0.65025E-02   0.32512E-01   0.96099E+00   0.20000E+00   0.21139E-08
   0.12629E+06   0.15004E+09   0.98121E+00   0.62630E-02   0.31315E-01   0.96242E+00   0.20000E+00   0.21793E-08
   0.13132E+06   0.16211E+09   0.98190E+00   0.60319E-02   0.30160E-01   0.96381E+00   0.20000E+00   0.22939E-08
   0.13654E+06   0.17514E+09   0.98257E+00   0.58091E-02   0.29046E-01   0.96515E+00   0.20000E+00   0.23862E-08
   0.14198E+06   0.18924E+09   0.98322E+00   0.55943E-02   0.27971E-01   0.96643E+00   0.20000E+00   0.24632E-08
   0.14763E+06   0.20447E+09   0.98384E+00   0.53871E-02   0.26935E-01   0.96768E+00   0.20000E+00   0.25686E-08
   0.15350E+06   0.22093E+09   0.98444E+00   0.51873E-02   0.25937E-01   0.96888E+00   0.20000E+00   0.26930E-08
   0.15961E+06   0.23872E+09   0.98502E+00   0.49947E-02   0.24974E-01   0.97003E+00   0.20000E+00   0.27285E-08
   0.16596E+06   0.25795E+09   0.98557E+00   0.48091E-02   0.24045E-01   0.97115E+00   0.20000E+00   0.28827E-08
   0.17257E+06   0.27873E+09   0.98611E+00   0.46301E-02   0.23151E-01   0.97222E+00   0.20000E+00   0.30174E-08
   0.17943E+06   0.30120E+09   0.98663E+00   0.44577E-02   0.22288E-01   0.97325E+00   0.20000E+00   0.31252E-08
   0.18657E+06   0.32548E+09   0.98713E+00   0.42915E-02   0.21457E-01   0.97425E+00   0.20000E+00   0.32436E-08
   0.19400E+06   0.35173E+09   0.98761E+00   0.41313E-02   0.20656E-01   0.97521E+00   0.20000E+00   0.33490E-08
   0.20172E+06   0.38010E+09   0.98807E+00   0.39769E-02   0.19885E-01   0.97614E+00   0.20000E+00   0.35196E-08
   0.20975E+06   0.41077E+09   0.98852E+00   0.38282E-02   0.19141E-01   0.97703E+00   0.20000E+00   0.36439E-08
   0.21809E+06   0.44392E+09   0.98895E+00   0.36850E-02   0.18425E-01   0.97789E+00   0.20000E+00   0.38156E-08
   0.22677E+06   0.47975E+09   0.98936E+00   0.35469E-02   0.17735E-01   0.97872E+00   0.20000E+00   0.39660E-08
   0.23580E+06   0.51848E+09   0.98976E+00   0.34139E-02   0.17070E-01   0.97952E+00   0.20000E+00   0.41250E-08
   0.24518E+06   0.56035E+09   0.99014E+00   0.32859E-02   0.16429E-01   0.98028E+00   0.20000E+00   0.42727E-08
   0.25494E+06   0.60561E+09   0.99051E+00   0.31625E-02   0.15812E-01   0.98103E+00   0.20000E+00   0.43781E-08
   0.26508E+06   0.65453E+09   0.99087E+00   0.30437E-02   0.15218E-01   0.98174E+00   0.20000E+00   0.46126E-08
   0.27563E+06   0.70742E+09   0.99121E+00   0.29292E-02   0.14646E-01   0.98242E+00   0.20000E+00   0.47796E-08
   0.28660E+06   0.76458E+09   0.99154E+00   0.28190E-02   0.14095E-01   0.98309E+00   0.20000E+00   0.49217E-08
   0.29801E+06   0.82638E+09   0.99186E+00   0.27129E-02   0.13564E-01   0.98372E+00   0.20000E+00   0.51349E-08
   0.30987E+06   0.89318E+09   0.99217E+00   0.26107E-02   0.13053E-01   0.98434E+00   0.20000E+00   0.54075E-08
   0.32220E+06   0.96540E+09   0.99246E+00   0.25123E-02   0.12561E-01   0.98493E+00   0.20000E+00   0.56547E-08
   0.33502E+06   0.10435E+10   0.99275E+00   0.24175E-02   0.12088E-01   0.98549E+00   0.20000E+00   0.58374E-08
   0.34835E+06   0.11279E+10   0.99302E+00   0.23263E-02   0.11631E-01   0.98604E+00   0.20000E+00   0.60136E-08
   0.36222E+06   0.12191E+10   0.99328E+00   0.22384E-02   0.11192E-01   0.98657E+00   0.20000E+00   0.63416E-08
   0.37663E+06   0.13177E+10   0.99354E+00   0.21539E-02   0.10769E-01   0.98708E+00   0.20000E+00   0.65121E-08
   0.39162E+06   0.14243E+10   0.99378E+00   0.20725E-02   0.10362E-01   0.98757E+00   0.20000E+00   0.68177E-08
   0.40721E+06   0.15396E+10   0.99402E+00   0.19941E-02   0.99705E-02   0.98804E+00   0.20000E+00   0.70619E-08
   0.42341E+06   0.16642E+10   0.99424E+00   0.19186E-02   0.95932E-02   0.98849E+00   0.20000E+00   0.73387E-08
   0.44026E+06   0.17989E+10   0.99446E+00   0.18460E-02   0.92302E-02   0.98892E+00   0.20000E+00   0.76552E-08
   0.45778E+06   0.19445E+10   0.99467E+00   0.17761E-02   0.88807E-02   0.98934E+00   0.20000E+00   0.79522E-08
   0.47600E+06   0.21019E+10   0.99487E+00   0.17089E-02   0.85443E-02   0.98975E+00   0.20000E+00   0.82470E-08
   0.49494E+06   0.22721E+10   0.99507E+00   0.16441E-02   0.82205E-02   0.99014E+00   0.20000E+00   0.85940E-08
   0.51464E+06   0.24560E+10   0.99525E+00   0.15818E-02   0.79088E-02   0.99051E+00   0.20000E+00   0.90464E-08
   0.53512E+06   0.26549E+10   0.99543E+00   0.15218E-02   0.76089E-02   0.99087E+00   0.20000E+00   0.93649E-08
   0.55642E+06   0.28699E+10   0.99561E+00   0.14640E-02   0.73202E-02   0.99122E+00   0.20000E+00   0.97415E-08
   0.57856E+06   0.31024E+10   0.99577E+00   0.14085E-02   0.70424E-02   0.99155E+00   0.20000E+00   0.10141E-07
   0.60158E+06   0.33537E+10   0.99593E+00   0.13550E-02   0.67751E-02   0.99187E+00   0.20000E+00   0.10587E-07
   0.62552E+06   0.36253E+10   0.99609E+00   0.13036E-02   0.65178E-02   0.99218E+00   0.20000E+00   0.10891E-07
   0.65042E+06   0.39190E+10   0.99624E+00   0.12541E-02   0.62703E-02   0.99248E+00   0.20000E+00   0.11339E-07
   0.67630E+06   0.42366E+10   0.99638E+00   0.12064E-02   0.60320E-02   0.99276E+00   0.20000E+00   0.11698E-07
   0.70321E+06   0.45798E+10   0.99652E+00   0.11606E-02   0.58028E-02   0.99304E+00   0.20000E+00   0.12376E-07
   0.73120E+06   0.49509E+10   0.99665E+00   0.11164E-02   0.55822E-02   0.99330E+00   0.20000E+00   0.12902E-07
   0.76030E+06   0.53522E+10   0.99678E+00   0.10740E-02   0.53699E-02   0.99356E+00   0.20000E+00   0.13187E-07
   0.79056E+06   0.57859E+10   0.99690E+00   0.10331E-02   0.51656E-02   0.99380E+00   0.20000E+00   0.13792E-07
   0.82202E+06   0.62548E+10   0.99702E+00   0.99382E-03   0.49691E-02   0.99404E+00   0.20000E+00   0.14321E-07
   0.85473E+06   0.67618E+10   0.99713E+00   0.95601E-03   0.47800E-02   0.99426E+00   0.20000E+00   0.14992E-07
   0.88874E+06   0.73099E+10   0.99724E+00   0.91962E-03   0.45981E-02   0.99448E+00   0.20000E+00   0.15455E-07
   0.92411E+06   0.79024E+10   0.99735E+00   0.88461E-03   0.44230E-02   0.99469E+00   0.20000E+00   0.16057E-07
   0.96089E+06   0.85431E+10   0.99745E+00   0.85093E-03   0.42546E-02   0.99489E+00   0.20000E+00   0.16882E-07
   0.99913E+06   0.92356E+10   0.99754E+00   0.81852E-03   0.40926E-02   0.99509E+00   0.20000E+00   0.17181E-07
   0.10389E+07   0.99844E+10   0.99764E+00   0.78734E-03   0.39367E-02   0.99528E+00   0.20000E+00   0.18034E-07
   0.10802E+07   0.10794E+11   0.99773E+00   0.75734E-03   0.37867E-02   0.99546E+00   0.20000E+00   0.18682E-07
   0.11232E+07   0.11669E+11   0.99781E+00   0.72848E-03   0.36424E-02   0.99563E+00   0.20000E+00   0.19478E-07
   0.11679E+07   0.12615E+11   0.99790E+00   0.70072E-03   0.35036E-02   0.99580E+00   0.20000E+00   0.20564E-07
   0.12144E+07   0.13638E+11   0.99798E+00   0.67401E-03   0.33700E-02   0.99596E+00   0.20000E+00   0.21038E-07
   0.12627E+07   0.14744E+11   0.99806E+00   0.64831E-03   0.32416E-02   0.99611E+00   0.20000E+00   0.21870E-07
   0.13130E+07   0.15940E+11   0.99813E+00   0.62359E-03   0.31180E-02   0.99626E+00   0.20000E+00   0.23000E-07
   0.13652E+07   0.17233E+11   0.99820E+00   0.59981E-03   0.29991E-02   0.99640E+00   0.20000E+00   0.23833E-07
   0.14196E+07   0.18630E+11   0.99827E+00   0.57694E-03   0.28847E-02   0.99654E+00   0.20000E+00   0.24801E-07
   0.14761E+07   0.20141E+11   0.99834E+00   0.55493E-03   0.27746E-02   0.99667E+00   0.20000E+00   0.25649E-07
   0.15348E+07   0.21775E+11   0.99840E+00   0.53376E-03   0.26688E-02   0.99680E+00   0.20000E+00   0.26663E-07
   0.15959E+07   0.23541E+11   0.99846E+00   0.51339E-03   0.25670E-02   0.99692E+00   0.20000E+00   0.27779E-07
   0.16594E+07   0.25450E+11   0.99852E+00   0.49380E-03   0.24690E-02   0.99704E+00   0.20000E+00   0.28925E-07
   0.17254E+07   0.27515E+11   0.99858E+00   0.47496E-03   0.23748E-02   0.99715E+00   0.20000E+00   0.30150E-07
   0.17941E+07   0.29747E+11   0.99863E+00   0.45683E-03   0.22841E-02   0.99726E+00   0.20000E+00   0.30997E-07
   0.18655E+07   0.32160E+11   0.99868E+00   0.43939E-03   0.21970E-02   0.99736E+00   0.20000E+00   0.32379E-07
   0.19397E+07   0.34768E+11   0.99873E+00   0.42262E-03   0.21131E-02   0.99746E+00   0.20000E+00   0.33939E-07
   0.20169E+07   0.37589E+11   0.99878E+00   0.40648E-03   0.20324E-02   0.99756E+00   0.20000E+00   0.35536E-07
   0.20972E+07   0.40638E+11   0.99883E+00   0.39096E-03   0.19548E-02   0.99765E+00   0.20000E+00   0.36096E-07
   0.21806E+07   0.43935E+11   0.99887E+00   0.37603E-03   0.18802E-02   0.99774E+00   0.20000E+00   0.37697E-07
   0.22674E+07   0.47499E+11   0.99892E+00   0.36167E-03   0.18084E-02   0.99783E+00   0.20000E+00   0.39294E-07
   0.23576E+07   0.51353E+11   0.99896E+00   0.34786E-03   0.17393E-02   0.99791E+00   0.20000E+00   0.41112E-07
   0.24515E+07   0.55520E+11   0.99900E+00   0.33457E-03   0.16729E-02   0.99799E+00   0.20000E+00   0.42662E-07
   0.25490E+07   0.60024E+11   0.99903E+00   0.32179E-03   0.16090E-02   0.99807E+00   0.20000E+00   0.44142E-07
   0.26505E+07   0.64894E+11   0.99907E+00   0.30950E-03   0.15475E-02   0.99814E+00   0.20000E+00   0.45976E-07
   0.27559E+07   0.70159E+11   0.99911E+00   0.29767E-03   0.14884E-02   0.99821E+00   0.20000E+00   0.47788E-07
   0.28656E+07   0.75852E+11   0.99914E+00   0.28630E-03   0.14315E-02   0.99828E+00   0.20000E+00   0.49825E-07
   0.29797E+07   0.82007E+11   0.99917E+00   0.27536E-03   0.13768E-02   0.99835E+00   0.20000E+00   0.51926E-07
   0.30982E+07   0.88661E+11   0.99921E+00   0.26484E-03   0.13242E-02   0.99841E+00   0.20000E+00   0.53710E-07
   0.32215E+07   0.95855E+11   0.99924E+00   0.25472E-03   0.12736E-02   0.99847E+00   0.20000E+00   0.55865E-07
   0.33497E+07   0.10363E+12   0.99927E+00   0.24498E-03   0.12249E-02   0.99853E+00   0.20000E+00   0.58417E-07
   0.34831E+07   0.11204E+12   0.99929E+00   0.23562E-03   0.11781E-02   0.99859E+00   0.20000E+00   0.60511E-07
   0.36217E+07   0.12113E+12   0.99932E+00   0.22662E-03   0.11331E-02   0.99864E+00   0.20000E+00   0.63004E-07
   0.37658E+07   0.13096E+12   0.99935E+00   0.21795E-03   0.10898E-02   0.99869E+00   0.20000E+00   0.65343E-07
   0.39157E+07   0.14159E+12   0.99937E+00   0.20962E-03   0.10481E-02   0.99874E+00   0.20000E+00   0.68803E-07
   0.40715E+07   0.15308E+12   0.99940E+00   0.20161E-03   0.10080E-02   0.99879E+00   0.20000E+00   0.71238E-07
   0.42335E+07   0.16550E+12   0.99942E+00   0.19390E-03   0.96951E-03   0.99884E+00   0.20000E+00   0.73394E-07
   0.44020E+07   0.17893E+12   0.99944E+00   0.18649E-03   0.93244E-03   0.99888E+00   0.20000E+00   0.76870E-07
   0.45772E+07   0.19346E+12   0.99946E+00   0.17936E-03   0.89680E-03   0.99892E+00   0.20000E+00   0.79661E-07
   0.47593E+07   0.20916E+12   0.99948E+00   0.17250E-03   0.86251E-03   0.99896E+00   0.20000E+00   0.82717E-07
   0.49487E+07   0.22613E+12   0.99950E+00   0.16591E-03   0.82953E-03   0.99900E+00   0.20000E+00   0.85844E-07
   0.51457E+07   0.24448E+12   0.99952E+00   0.15956E-03   0.79781E-03   0.99904E+00   0.20000E+00   0.89559E-07
   0.53504E+07   0.26432E+12   0.99954E+00   0.15346E-03   0.76731E-03   0.99908E+00   0.20000E+00   0.93334E-07
   0.55634E+07   0.28577E+12   0.99956E+00   0.14759E-03   0.73797E-03   0.99911E+00   0.20000E+00   0.96803E-07
   0.57848E+07   0.30897E+12   0.99957E+00   0.14195E-03   0.70975E-03   0.99915E+00   0.20000E+00   0.10154E-06
   0.60150E+07   0.33404E+12   0.99959E+00   0.13652E-03   0.68260E-03   0.99918E+00   0.20000E+00   0.10470E-06
   0.62543E+07   0.36115E+12   0.99961E+00   0.13130E-03   0.65650E-03   0.99921E+00   0.20000E+00   0.10962E-06
   0.65032E+07   0.39046E+12   0.99962E+00   0.12628E-03   0.63139E-03   0.99924E+00   0.20000E+00   0.11309E-06
   0.67620E+07   0.42215E+12   0.99964E+00   0.12145E-03   0.60724E-03   0.99927E+00   0.20000E+00   0.11682E-06
   0.70311E+07   0.45641E+12   0.99965E+00   0.11680E-03   0.58402E-03   0.99930E+00   0.20000E+00   0.12281E-06
   0.73109E+07   0.49346E+12   0.99966E+00   0.11234E-03   0.56168E-03   0.99933E+00   0.20000E+00   0.12701E-06
   0.76019E+07   0.53351E+12   0.99968E+00   0.10804E-03   0.54020E-03   0.99935E+00   0.20000E+00   0.13228E-06
   0.79044E+07   0.57681E+12   0.99969E+00   0.10391E-03   0.51954E-03   0.99938E+00   0.20000E+00   0.13738E-06
   0.82190E+07   0.62362E+12   0.99970E+00   0.99933E-04   0.49967E-03   0.99940E+00   0.20000E+00   0.14285E-06
   0.85461E+07   0.67424E+12   0.99971E+00   0.96111E-04   0.48055E-03   0.99942E+00   0.20000E+00   0.14969E-06
   0.88862E+07   0.72896E+12   0.99972E+00   0.92434E-04   0.46217E-03   0.99945E+00   0.20000E+00   0.15631E-06
   0.92398E+07   0.78812E+12   0.99973E+00   0.88898E-04   0.44449E-03   0.99947E+00   0.20000E+00   0.16168E-06
   0.96075E+07   0.85209E+12   0.99974E+00   0.85498E-04   0.42749E-03   0.99949E+00   0.20000E+00   0.16679E-06
   0.99898E+07   0.92125E+12   0.99975E+00   0.82227E-04   0.41114E-03   0.99951E+00   0.20000E+00   0.17449E-06
   0.10387E+08   0.99603E+12   0.99976E+00   0.79082E-04   0.39541E-03   0.99953E+00   0.20000E+00   0.18230E-06
   0.10801E+08   0.10769E+13   0.99977E+00   0.76056E-04   0.38028E-03   0.99954E+00   0.20000E+00   0.18728E-06
   0.11231E+08   0.11643E+13   0.99978E+00   0.73147E-04   0.36573E-03   0.99956E+00   0.20000E+00   0.19611E-06
   0.11678E+08   0.12588E+13   0.99979E+00   0.70348E-04   0.35174E-03   0.99958E+00   0.20000E+00   0.20326E-06
   0.12142E+08   0.13609E+13   0.99980E+00   0.67657E-04   0.33829E-03   0.99959E+00   0.20000E+00   0.21098E-06
   0.12625E+08   0.14714E+13   0.99980E+00   0.65069E-04   0.32534E-03   0.99961E+00   0.20000E+00   0.21836E-06
   0.13128E+08   0.15908E+13   0.99981E+00   0.62579E-04   0.31290E-03   0.99962E+00   0.20000E+00   0.23051E-06
   0.13650E+08   0.17200E+13   0.99982E+00   0.60185E-04   0.30092E-03   0.99964E+00   0.20000E+00   0.23883E-06
   0.14194E+08   0.18596E+13   0.99983E+00   0.57882E-04   0.28941E-03   0.99965E+00   0.20000E+00   0.24717E-06
   0.14758E+08   0.20105E+13   0.99983E+00   0.55668E-04   0.27834E-03   0.99967E+00   0.20000E+00   0.25895E-06
   0.15346E+08   0.21737E+13   0.99984E+00   0.53538E-04   0.26769E-03   0.99968E+00   0.20000E+00   0.26426E-06
   0.15956E+08   0.23501E+13   0.99985E+00   0.51490E-04   0.25745E-03   0.99969E+00   0.20000E+00   0.27962E-06
   0.16591E+08   0.25409E+13   0.99985E+00   0.49519E-04   0.24760E-03   0.99970E+00   0.20000E+00   0.28693E-06
   0.17252E+08   0.27471E+13   0.99986E+00   0.47625E-04   0.23812E-03   0.99971E+00   0.20000E+00   0.30196E-06
   0.17938E+08   0.29701E+13   0.99986E+00   0.45803E-04   0.22901E-03   0.99973E+00   0.20000E+00   0.30907E-06
   0.18652E+08   0.32112E+13   0.99987E+00   0.44050E-04   0.22025E-03   0.99974E+00   0.20000E+00   0.32585E-06
   0.19394E+08   0.34719E+13   0.99987E+00   0.42365E-04   0.21182E-03   0.99975E+00   0.20000E+00   0.33857E-06
   0.20166E+08   0.37537E+13   0.99988E+00   0.40743E-04   0.20372E-03   0.99976E+00   0.20000E+00   0.35107E-06
   0.20969E+08   0.40584E+13   0.99988E+00   0.39184E-04   0.19592E-03   0.99976E+00   0.20000E+00   0.36218E-06
   0.21803E+08   0.43878E+13   0.99989E+00   0.37685E-04   0.18843E-03   0.99977E+00   0.20000E+00   0.38249E-06
   0.22671E+08   0.47439E+13   0.99989E+00   0.36243E-04   0.18122E-03   0.99978E+00   0.20000E+00   0.39701E-06
   0.23573E+08   0.51290E+13   0.99990E+00   0.34856E-04   0.17428E-03   0.99979E+00   0.20000E+00   0.41292E-06
   0.24511E+08   0.55453E+13   0.99990E+00   0.33523E-04   0.16761E-03   0.99980E+00   0.20000E+00   0.42878E-06
   0.25487E+08   0.59954E+13   0.99990E+00   0.32240E-04   0.16120E-03   0.99981E+00   0.20000E+00   0.44269E-06
   0.26501E+08   0.64821E+13   0.99991E+00   0.31006E-04   0.15503E-03   0.99981E+00   0.20000E+00   0.46479E-06
   0.27556E+08   0.70083E+13   0.99991E+00   0.29820E-04   0.14910E-03   0.99982E+00   0.20000E+00   0.47951E-06
   0.28652E+08   0.75771E+13   0.99991E+00   0.28679E-04   0.14339E-03   0.99983E+00   0.20000E+00   0.49840E-06
   0.29792E+08   0.81922E+13   0.99992E+00   0.27581E-04   0.13791E-03   0.99983E+00   0.20000E+00   0.51874E-06
   0.30978E+08   0.88572E+13   0.99992E+00   0.26526E-04   0.13263E-03   0.99984E+00   0.20000E+00   0.54068E-06
   0.32211E+08   0.95761E+13   0.99992E+00   0.25511E-04   0.12755E-03   0.99985E+00   0.20000E+00   0.55652E-06
   0.33493E+08   0.10353E+14   0.99993E+00   0.24534E-04   0.12267E-03   0.99985E+00   0.20000E+00   0.58480E-06
   0.34825E+08   0.11194E+14   0.99993E+00   0.23596E-04   0.11798E-03   0.99986E+00   0.20000E+00   0.60830E-06
   0.36211E+08   0.12102E+14   0.99993E+00   0.22693E-04   0.11346E-03   0.99986E+00   0.20000E+00   0.62936E-06
   0.37652E+08   0.13085E+14   0.99993E+00   0.21824E-04   0.10912E-03   0.99987E+00   0.20000E+00   0.65814E-06
   0.39151E+08   0.14147E+14   0.99994E+00   0.20989E-04   0.10495E-03   0.99987E+00   0.20000E+00   0.68336E-06
   0.40709E+08   0.15295E+14   0.99994E+00   0.20186E-04   0.10093E-03   0.99988E+00   0.20000E+00   0.70632E-06
   0.42329E+08   0.16537E+14   0.99994E+00   0.19413E-04   0.97067E-04   0.99988E+00   0.20000E+00   0.73857E-06
   0.44013E+08   0.17879E+14   0.99994E+00   0.18670E-04   0.93352E-04   0.99989E+00   0.20000E+00   0.77273E-06
   0.45765E+08   0.19331E+14   0.99995E+00   0.17956E-04   0.89780E-04   0.99989E+00   0.20000E+00   0.79376E-06
   0.47586E+08   0.20900E+14   0.99995E+00   0.17269E-04   0.86344E-04   0.99990E+00   0.20000E+00   0.82999E-06
   0.49480E+08   0.22596E+14   0.99995E+00   0.16608E-04   0.83040E-04   0.99990E+00   0.20000E+00   0.85501E-06
   0.51449E+08   0.24430E+14   0.99995E+00   0.15972E-04   0.79862E-04   0.99990E+00   0.20000E+00   0.89970E-06
   0.53497E+08   0.26414E+14   0.99995E+00   0.15361E-04   0.76805E-04   0.99991E+00   0.20000E+00   0.92897E-06
   0.55625E+08   0.28558E+14   0.99996E+00   0.14773E-04   0.73866E-04   0.99991E+00   0.20000E+00   0.96942E-06
   0.57839E+08   0.30876E+14   0.99996E+00   0.14208E-04   0.71039E-04   0.99991E+00   0.20000E+00   0.10085E-05
   0.60141E+08   0.33382E+14   0.99996E+00   0.13664E-04   0.68321E-04   0.99992E+00   0.20000E+00   0.10452E-05
   0.62534E+08   0.36092E+14   0.99996E+00   0.13141E-04   0.65706E-04   0.99992E+00   0.20000E+00   0.10880E-05
   0.65023E+08   0.39021E+14   0.99996E+00   0.12638E-04   0.63191E-04   0.99992E+00   0.20000E+00   0.11413E-05
   0.67611E+08   0.42189E+14   0.99996E+00   0.12155E-04   0.60773E-04   0.99993E+00   0.20000E+00   0.11769E-05
   0.70301E+08   0.45614E+14   0.99996E+00   0.11690E-04   0.58447E-04   0.99993E+00   0.20000E+00   0.12465E-05
   0.73099E+08   0.49316E+14   0.99997E+00   0.11242E-04   0.56211E-04   0.99993E+00   0.20000E+00   0.12730E-05
   0.76008E+08   0.53320E+14   0.99997E+00   0.10812E-04   0.54059E-04   0.99994E+00   0.20000E+00   0.13320E-05
   0.79033E+08   0.57648E+14   0.99997E+00   0.10398E-04   0.51991E-04   0.99994E+00   0.20000E+00   0.13881E-05
   0.82178E+08   0.62327E+14   0.99997E+00   0.10000E-04   0.50001E-04   0.99994E+00   0.20000E+00   0.14494E-05
   0.85448E+08   0.67387E+14   0.99997E+00   0.96175E-05   0.48087E-04   0.99994E+00   0.20000E+00   0.14909E-05
   0.88849E+08   0.72857E+14   0.99997E+00   0.92494E-05   0.46247E-04   0.99994E+00   0.20000E+00   0.15479E-05
   0.92384E+08   0.78771E+14   0.99997E+00   0.88954E-05   0.44477E-04   0.99995E+00   0.20000E+00   0.16110E-05
   0.96061E+08   0.85165E+14   0.99997E+00   0.85550E-05   0.42775E-04   0.99995E+00   0.20000E+00   0.16826E-05
   0.99884E+08   0.92078E+14   0.99998E+00   0.82276E-05   0.41138E-04   0.99995E+00   0.20000E+00   0.17442E-05
   0.10386E+09   0.99552E+14   0.99998E+00   0.79127E-05   0.39563E-04   0.99995E+00   0.20000E+00   0.18130E-05
   0.10799E+09   0.10763E+15   0.99998E+00   0.76099E-05   0.38049E-04   0.99995E+00   0.20000E+00   0.18869E-05
   0.11229E+09   0.11637E+15   0.99998E+00   0.73187E-05   0.36593E-04   0.99996E+00   0.20000E+00   0.19605E-05
   0.11676E+09   0.12582E+15   0.99998E+00   0.70386E-05   0.35193E-04   0.99996E+00   0.20000E+00   0.20303E-05
   0.12140E+09   0.13603E+15   0.99998E+00   0.67692E-05   0.33846E-04   0.99996E+00   0.20000E+00   0.21027E-05
   0.12624E+09   0.14707E+15   0.99998E+00   0.65101E-05   0.32550E-04   0.99996E+00   0.20000E+00   0.21973E-05
   0.13126E+09   0.15901E+15   0.99998E+00   0.62610E-05   0.31305E-04   0.99996E+00   0.20000E+00   0.22736E-05
   0.13648E+09   0.17192E+15   0.99998E+00   0.60214E-05   0.30107E-04   0.99996E+00   0.20000E+00   0.23854E-05
   0.14191E+09   0.18587E+15   0.99998E+00   0.57909E-05   0.28954E-04   0.99997E+00   0.20000E+00   0.24752E-05
   0.14756E+09   0.20096E+15   0.99998E+00   0.55693E-05   0.27846E-04   0.99997E+00   0.20000E+00   0.25662E-05
   0.15343E+09   0.21728E+15   0.99998E+00   0.53562E-05   0.26781E-04   0.99997E+00   0.20000E+00   0.27077E-05
   0.15954E+09   0.23491E+15   0.99998E+00   0.51512E-05   0.25756E-04   0.99997E+00   0.20000E+00   0.27868E-05
   0.16589E+09   0.25398E+15   0.99999E+00   0.49540E-05   0.24770E-04   0.99997E+00   0.20000E+00   0.28769E-05
   0.17249E+09   0.27460E+15   0.99999E+00   0.47644E-05   0.23822E-04   0.99997E+00   0.20000E+00   0.30196E-05
   0.17936E+09   0.29689E+15   0.99999E+00   0.45821E-05   0.22910E-04   0.99997E+00   0.20000E+00   0.31327E-05
   0.18649E+09   0.32099E+15   0.99999E+00   0.44067E-05   0.22033E-04   0.99997E+00   0.20000E+00   0.32288E-05
   0.19392E+09   0.34704E+15   0.99999E+00   0.42381E-05   0.21190E-04   0.99997E+00   0.20000E+00   0.34015E-05
   0.20163E+09   0.37522E+15   0.99999E+00   0.40759E-05   0.20379E-04   0.99998E+00   0.20000E+00   0.34836E-05
   0.20966E+09   0.40567E+15   0.99999E+00   0.39199E-05   0.19599E-04   0.99998E+00   0.20000E+00   0.36671E-05
   0.21800E+09   0.43860E+15   0.99999E+00   0.37699E-05   0.18849E-04   0.99998E+00   0.20000E+00   0.38145E-05
   0.22668E+09   0.47421E+15   0.99999E+00   0.36256E-05   0.18128E-04   0.99998E+00   0.20000E+00   0.39749E-05
   0.23570E+09   0.51270E+15   0.99999E+00   0.34868E-05   0.17434E-04   0.99998E+00   0.20000E+00   0.40598E-05
   0.24508E+09   0.55432E+15   0.99999E+00   0.33534E-05   0.16767E-04   0.99998E+00   0.20000E+00   0.42886E-05
   0.25483E+09   0.59932E+15   0.99999E+00   0.32250E-05   0.16125E-04   0.99998E+00   0.20000E+00   0.44255E-05
   0.26497E+09   0.64797E+15   0.99999E+00   0.31016E-05   0.15508E-04   0.99998E+00   0.20000E+00   0.46205E-05
   0.27551E+09   0.70057E+15   0.99999E+00   0.29829E-05   0.14914E-04   0.99998E+00   0.20000E+00   0.48176E-05
   0.28648E+09   0.75744E+15   0.99999E+00   0.28688E-05   0.14344E-04   0.99998E+00   0.20000E+00   0.49943E-05
   0.29788E+09   0.81892E+15   0.99999E+00   0.27590E-05   0.13795E-04   0.99998E+00   0.20000E+00   0.52090E-05
   0.30973E+09   0.88540E+15   0.99999E+00   0.26534E-05   0.13267E-04   0.99998E+00   0.20000E+00   0.54088E-05
   0.32206E+09   0.95727E+15   0.99999E+00   0.25518E-05   0.12759E-04   0.99998E+00   0.20000E+00   0.56290E-05
   0.33488E+09   0.10350E+16   0.99999E+00   0.24542E-05   0.12271E-04   0.99999E+00   0.20000E+00   0.58547E-05
   0.34820E+09   0.11190E+16   0.99999E+00   0.23602E-05   0.11801E-04   0.99999E+00   0.20000E+00   0.60754E-05
   0.36206E+09   0.12098E+16   0.99999E+00   0.22699E-05   0.11349E-04   0.99999E+00   0.20000E+00   0.63167E-05
   0.37647E+09   0.13080E+16   0.99999E+00   0.21830E-05   0.10915E-04   0.99999E+00   0.20000E+00   0.65312E-05
   0.39145E+09   0.14142E+16   0.99999E+00   0.20995E-05   0.10497E-04   0.99999E+00   0.20000E+00   0.67950E-05
   0.40703E+09   0.15290E+16   0.99999E+00   0.20191E-05   0.10095E-04   0.99999E+00   0.20000E+00   0.70722E-05
   0.42323E+09   0.16531E+16   0.99999E+00   0.19419E-05   0.97091E-05   0.99999E+00   0.20000E+00   0.74376E-05
   0.44007E+09   0.17873E+16   0.99999E+00   0.18675E-05   0.93375E-05   0.99999E+00   0.20000E+00   0.77199E-05
   0.45758E+09   0.19324E+16   0.99999E+00   0.17961E-05   0.89801E-05   0.99999E+00   0.20000E+00   0.80289E-05
   0.47579E+09   0.20893E+16   0.99999E+00   0.17273E-05   0.86364E-05   0.99999E+00   0.20000E+00   0.82629E-05
   0.49473E+09   0.22589E+16   0.99999E+00   0.16612E-05   0.83059E-05   0.99999E+00   0.20001E+00   0.86352E-05
   0.51442E+09   0.24422E+16   0.10000E+01   0.15976E-05   0.79880E-05   0.99999E+00   0.20001E+00   0.88710E-05
   0.53489E+09   0.26405E+16   0.10000E+01   0.15365E-05   0.76823E-05   0.99999E+00   0.20001E+00   0.92184E-05
   0.55617E+09   0.28548E+16   0.10000E+01   0.14777E-05   0.73883E-05   0.99999E+00   0.20001E+00   0.97091E-05
   0.57831E+09   0.30865E+16   0.10000E+01   0.14211E-05   0.71055E-05   0.99999E+00   0.20001E+00   0.10135E-04
   0.60132E+09   0.33371E+16   0.10000E+01   0.13668E-05   0.68336E-05   0.99999E+00   0.20001E+00   0.10444E-04
   0.62525E+09   0.36080E+16   0.10000E+01   0.13144E-05   0.65720E-05   0.99999E+00   0.20001E+00   0.10927E-04
   0.65013E+09   0.39009E+16   0.10000E+01   0.12641E-05   0.63205E-05   0.99999E+00   0.20001E+00   0.11310E-04
   0.67601E+09   0.42175E+16   0.10000E+01   0.12158E-05   0.60786E-05   0.99999E+00   0.20001E+00   0.11684E-04
   0.70291E+09   0.45599E+16   0.10000E+01   0.11692E-05   0.58460E-05   0.99999E+00   0.20001E+00   0.12188E-04
   0.73088E+09   0.49300E+16   0.10000E+01   0.11245E-05   0.56222E-05   0.99999E+00   0.20001E+00   0.12899E-04
   0.75997E+09   0.53302E+16   0.10000E+01   0.10815E-05   0.54070E-05   0.99999E+00   0.20001E+00   0.13312E-04
   0.79021E+09   0.57629E+16   0.10000E+01   0.10401E-05   0.52001E-05   0.99999E+00   0.20001E+00   0.13807E-04
   0.82166E+09   0.62307E+16   0.10000E+01   0.10003E-05   0.50011E-05   0.99999E+00   0.20001E+00   0.14349E-04
   0.85436E+09   0.67365E+16   0.10000E+01   0.96198E-06   0.48097E-05   0.99999E+00   0.20001E+00   0.14996E-04
   0.88836E+09   0.72833E+16   0.10000E+01   0.92516E-06   0.46256E-05   0.99999E+00   0.20001E+00   0.15539E-04
   0.92371E+09   0.78746E+16   0.10000E+01   0.88976E-06   0.44486E-05   0.99999E+00   0.20001E+00   0.16021E-04
   0.96047E+09   0.85138E+16   0.10000E+01   0.85570E-06   0.42783E-05   0.99999E+00   0.20001E+00   0.16834E-04
   0.99869E+09   0.92049E+16   0.10000E+01   0.82296E-06   0.41146E-05   0.10000E+01   0.20001E+00   0.17387E-04
   0.10384E+10   0.99521E+16   0.10000E+01   0.79146E-06   0.39571E-05   0.10000E+01   0.20001E+00   0.18116E-04
